nJ: 20 
nI: 50 

CostIJ:[  140 531 304 303 542 431 750 443 451 824 186 774 612 458 533 572 243 334 835 663 416 267 215 644 559 724 76 718 610 820 527 241 550 86 632 399 724 554 672 479 508 51 149 101 644 338 367 416 681 714  
 682 112 559 505 68 201 177 322 270 244 406 234 59 461 345 196 369 415 243 499 181 342 378 212 480 131 656 144 57 247 376 377 241 552 122 504 252 109 165 415 357 598 535 505 319 400 259 410 231 466  
 729 379 708 660 247 217 439 161 501 480 448 259 247 682 93 479 366 589 401 773 343 347 428 113 731 360 677 413 354 495 121 481 71 602 420 698 548 193 187 186 607 580 480 551 608 279 425 620 133 754  
 697 120 519 467 222 331 149 470 212 216 460 362 222 372 506 80 453 376 294 352 240 428 433 377 360 188 689 131 111 202 535 399 405 578 47 434 97 273 321 567 252 656 617 539 162 526 271 338 392 307  
 910 331 787 733 272 391 182 462 488 171 628 104 201 672 437 381 578 642 54 661 410 551 600 240 671 125 880 185 243 194 469 607 338 778 274 724 339 264 171 528 557 812 737 730 469 569 489 627 221 605  
 373 444 455 427 398 266 638 223 439 706 173 593 461 537 306 520 118 405 686 713 324 138 180 448 626 589 309 605 498 708 296 261 345 268 541 507 660 390 493 246 533 202 97 226 629 107 329 477 484 738  
 520 371 270 245 497 521 513 652 227 573 443 712 540 82 727 297 502 213 661 129 386 492 432 678 20 552 551 498 444 553 746 352 657 455 403 152 383 550 645 747 125 582 608 449 235 639 316 135 705 203  
 294 310 205 162 358 291 530 379 212 605 108 606 427 258 468 336 181 125 635 446 213 181 103 506 351 518 283 500 396 597 478 24 438 172 406 229 487 389 511 458 276 268 274 138 405 328 139 200 542 486  
 740 285 515 473 408 500 293 643 268 332 561 542 414 327 689 186 581 397 444 205 383 560 538 568 264 361 751 294 302 308 717 480 592 641 238 405 137 461 510 742 221 745 732 615 72 680 372 328 582 132  
 681 395 433 404 528 589 465 730 300 509 571 701 552 240 792 297 616 357 617 38 455 601 555 703 143 524 709 460 442 486 816 481 706 608 385 315 312 583 655 829 199 730 743 595 178 740 409 276 723 52  
 341 372 102 64 469 445 569 554 216 639 292 712 529 100 640 343 367 73 701 308 328 365 290 640 201 583 370 545 461 625 653 209 592 276 443 43 475 514 627 639 194 406 444 276 349 513 240 88 673 372  
 750 211 549 500 316 425 182 564 258 227 533 430 311 379 600 134 536 414 333 305 326 513 508 464 340 248 749 181 202 205 630 464 498 638 137 450 30 366 403 662 258 726 697 604 119 617 341 360 476 242  
 547 65 418 365 128 168 281 311 148 355 285 370 186 338 369 149 269 276 381 419 57 245 256 307 376 263 527 250 142 351 393 241 286 419 166 370 280 178 285 411 251 481 435 375 274 348 118 280 337 410  
 634 388 642 599 272 182 500 60 479 552 364 361 300 646 32 489 277 538 490 765 318 264 348 208 708 428 577 471 390 563 46 413 108 512 453 649 585 228 274 84 588 476 373 461 619 169 386 582 237 758  
 467 136 333 280 208 202 357 336 99 431 224 454 271 270 408 177 233 192 465 388 70 213 197 380 325 347 453 327 224 424 428 163 342 343 233 292 326 252 366 433 207 418 388 302 279 343 34 208 412 397  
 374 296 359 319 281 170 504 225 282 576 86 511 350 397 316 365 41 272 575 560 174 26 64 387 479 467 333 471 362 574 323 133 302 243 396 382 509 291 410 301 379 262 204 191 471 174 171 334 424 582  
 77 538 244 253 566 467 759 498 438 833 213 806 637 414 589 566 287 301 855 622 431 308 240 684 516 740 56 728 622 827 586 240 596 60 636 348 717 586 706 542 480 126 221 108 624 399 368 380 722 680  
 845 242 681 628 265 398 22 514 373 54 587 265 218 537 521 244 560 537 145 493 356 534 558 345 517 95 829 54 163 49 553 540 413 720 147 599 161 293 272 600 415 782 727 677 302 598 412 503 344 430  
 549 247 512 465 156 31 400 112 327 464 262 345 212 497 177 345 189 395 434 613 166 165 238 212 556 343 505 368 270 469 198 285 130 419 326 505 457 138 244 212 436 422 338 367 473 177 237 433 250 609  
 739 248 659 607 124 198 268 256 397 312 451 144 87 589 242 340 388 522 247 643 266 362 424 68 618 190 700 244 199 325 274 450 136 607 262 621 385 81 43 328 493 622 539 556 464 363 355 532 87 611  
 ]

demand:[ 1 1 1 1 1 1 1 1 1 1 1 1 1 1 1 1 1 1 1 1 1 1 1 1 1 1 1 1 1 1 1 1 1 1 1 1 1 1 1 1 1 1 1 1 1 1 1 1 1 1  ]

CostJ:[ 366 
314 
504 
504 
580 
415 
456 
549 
310 
316 
459 
501 
302 
415 
320 
425 
506 
477 
579 
554 
 ]

CapJ:[ 7 
6 
8 
8 
9 
7 
8 
9 
6 
6 
8 
8 
6 
7 
6 
7 
8 
8 
9 
9 
 ]

Pref:[  19 19 15 9 11 14 7 11 16 1 4 17 18 4 2 6 13 3 5 17 8 5 1 17 18 1 1 19 11 17 14 19 12 13 7 2 10 13 5 17 9 19 13 16 3 5 20 7 19 9  
 18 13 19 16 8 9 18 16 5 18 6 19 1 15 5 10 18 8 11 14 18 19 17 9 7 18 18 1 15 14 4 13 6 15 5 14 16 7 13 12 6 1 1 9 1 6 4 10 20 15  
 9 1 16 14 10 16 10 20 12 3 16 9 17 10 19 16 2 14 6 10 20 14 3 5 20 16 8 13 6 7 20 16 3 18 19 9 15 16 6 10 13 8 10 17 20 8 10 15 2 14  
 11 18 11 2 6 11 17 15 6 19 3 5 7 14 1 15 5 20 1 20 10 4 18 13 8 17 2 18 3 5 15 2 13 8 15 18 6 10 20 4 5 7 15 13 10 11 7 1 18 16  
 20 12 9 3 5 15 5 9 7 9 15 20 2 3 7 14 6 16 9 11 12 17 10 19 15 2 17 2 2 1 7 4 17 12 1 3 20 2 2 7 11 10 2 12 6 2 12 3 8 19  
 14 9 18 11 7 19 11 18 19 15 8 12 16 6 6 18 1 5 3 19 14 8 11 18 19 8 6 12 13 4 9 5 4 16 11 7 11 19 16 3 14 2 18 18 8 18 11 12 5 8  
 5 7 2 12 14 6 16 3 20 4 14 13 5 18 17 13 19 13 17 4 16 2 20 2 17 12 19 3 9 11 13 11 9 2 14 20 14 20 11 14 17 18 20 5 9 20 1 6 11 13  
 16 4 12 8 13 13 8 7 3 16 9 6 15 5 13 5 17 7 16 12 11 16 15 8 9 6 4 7 20 20 12 8 18 17 17 4 4 5 3 6 18 20 16 15 12 4 8 5 7 1  
 15 5 3 1 15 18 4 19 1 13 13 1 6 8 14 19 10 19 13 18 17 15 5 3 14 13 3 9 14 18 1 6 8 9 13 1 19 3 4 18 3 12 19 19 18 1 5 20 6 20  
 12 2 14 18 20 3 20 14 2 2 19 18 10 1 16 9 20 15 8 6 4 12 7 1 6 9 14 11 18 9 17 14 2 14 12 16 5 18 15 8 7 15 14 7 2 14 6 11 13 17  
 7 14 17 4 9 8 15 12 9 10 18 10 19 16 9 4 15 2 4 2 5 20 8 11 2 11 5 4 4 2 5 12 14 4 16 12 7 12 7 9 8 9 11 11 17 13 3 18 12 2  
 10 16 10 13 3 12 3 1 13 8 12 4 9 2 8 12 14 11 20 16 3 7 16 15 5 14 7 15 5 19 2 15 11 11 4 6 1 11 10 16 4 13 9 1 5 17 13 2 9 7  
 4 3 8 10 16 4 9 17 17 12 20 2 11 9 3 2 8 6 15 8 6 3 2 14 3 7 11 16 17 8 8 18 1 1 9 10 12 15 1 11 1 6 3 10 16 15 19 9 14 11  
 1 20 20 17 19 1 13 6 15 20 7 16 13 20 10 8 3 18 2 13 1 1 12 6 13 3 16 8 10 13 6 9 15 6 20 15 2 17 17 5 19 5 17 3 15 16 9 4 17 5  
 17 6 6 19 2 2 2 10 18 6 10 11 20 19 12 11 11 1 10 1 19 13 13 20 12 4 12 5 19 3 3 20 5 10 3 19 3 8 14 2 16 3 4 14 19 3 18 14 10 12  
 2 10 13 7 12 10 12 8 10 11 11 14 8 11 20 20 12 4 14 5 15 6 9 16 4 5 20 20 1 10 16 1 19 19 10 13 8 1 18 1 20 17 8 20 14 7 14 19 4 4  
 13 8 7 6 17 17 14 5 14 17 1 15 4 12 15 17 7 10 18 9 9 9 14 4 11 15 13 10 16 15 11 3 16 7 2 11 17 4 12 20 15 4 12 2 4 9 15 8 15 18  
 6 15 5 20 1 5 6 2 4 5 17 7 14 17 18 1 9 9 7 7 2 11 4 10 16 10 15 6 7 6 19 10 20 3 8 8 13 6 9 15 10 14 6 4 7 19 2 13 16 3  
 3 17 4 15 4 7 19 4 11 14 5 8 12 13 4 3 4 12 12 3 13 10 19 7 1 20 10 17 8 12 18 17 10 5 6 5 9 14 8 13 2 11 7 8 13 10 16 17 1 6  
 8 11 1 5 18 20 1 13 8 7 2 3 3 7 11 7 16 17 19 15 7 18 6 12 10 19 9 14 12 16 10 7 7 20 18 17 18 9 19 19 12 16 5 6 11 12 17 16 3 10  
 ]

