nJ:20 
nI:80 

CostIJ:[  126 144 180 202 56 79 49 192 105 97 163 108 134 172 92 56 42 165 168 192 236 222 238 149 101 126 216 91 144 230 75 100 153 140 193 136 168 26 38 53 38 149 167 68 196 212 124 88 46 76 82 124 137 249 197 274 120 183 171 202 156 172 207 189 186 185 26 29 87 103 123 72 98 97 82 97 80 107 79 105  
 113 190 171 226 120 126 45 160 60 28 172 152 200 228 161 126 82 122 200 233 272 224 256 170 113 139 209 72 88 193 52 161 224 172 238 195 230 95 71 32 33 138 136 83 209 245 160 146 104 144 37 60 68 200 146 303 89 218 207 239 154 167 187 175 188 162 52 92 152 174 176 109 164 155 144 149 135 161 137 168  
 44 173 85 171 156 134 89 60 40 82 108 146 224 224 200 184 113 28 161 201 228 141 189 122 82 92 120 48 41 94 152 179 261 140 212 202 238 162 159 129 113 59 37 86 141 199 137 163 139 182 64 63 121 111 63 245 20 178 173 199 80 86 90 83 112 65 113 139 180 221 175 115 192 168 169 156 150 167 158 190  
 49 157 29 128 176 142 132 33 97 142 69 142 227 209 214 211 140 61 132 171 188 83 137 94 87 77 59 88 99 66 206 184 269 120 185 198 230 196 205 181 160 31 29 110 93 160 124 170 161 199 118 124 182 106 86 196 66 146 145 165 43 36 32 23 61 11 153 167 191 239 169 128 201 173 179 158 159 167 168 195  
 99 194 57 146 224 189 181 45 141 184 100 184 269 244 261 260 190 89 161 197 204 80 140 128 134 120 52 137 132 41 253 228 312 156 213 238 267 246 254 228 208 79 65 159 109 179 164 215 210 246 164 162 219 89 96 200 112 172 174 187 82 68 20 43 80 40 203 216 236 285 209 175 246 217 225 202 205 210 214 239  
 166 102 134 38 194 157 221 193 226 266 100 131 180 123 203 231 195 220 68 61 34 94 38 94 150 126 121 198 249 212 301 163 222 95 75 144 152 240 273 272 247 149 189 181 69 28 111 163 193 198 234 263 316 260 248 40 199 54 67 44 128 127 160 144 101 169 228 209 180 225 130 164 182 157 175 148 163 145 170 170  
 184 97 215 178 66 85 148 255 199 207 177 88 23 84 24 68 110 245 138 137 180 232 217 150 142 151 240 172 240 291 187 43 43 124 127 53 65 98 141 168 152 195 233 132 194 168 111 57 84 40 184 229 253 324 281 227 198 144 133 152 189 204 251 229 202 238 133 93 38 32 70 103 26 54 49 69 68 63 60 32  
 159 235 217 274 156 170 91 199 101 57 220 197 235 270 193 152 125 156 247 280 319 270 304 218 161 187 254 119 116 228 36 200 252 219 283 235 269 120 82 49 70 184 177 131 257 292 206 186 143 178 82 84 51 227 173 351 133 265 254 286 201 213 229 219 235 204 91 128 188 200 219 154 199 195 182 192 176 203 177 206  
 74 57 91 84 88 48 102 137 119 152 54 37 122 108 117 128 77 140 54 90 126 113 120 32 37 29 117 87 152 171 182 81 165 27 98 92 125 127 156 153 128 75 118 62 80 99 20 70 81 104 120 157 204 209 175 159 100 72 63 93 65 80 128 105 80 117 109 95 91 142 63 47 100 70 81 56 62 62 71 92  
 136 115 94 34 194 155 203 151 198 240 71 132 199 150 212 234 185 183 73 89 79 49 14 77 131 104 76 173 215 168 285 172 243 92 106 162 179 236 264 257 231 115 151 165 34 59 109 168 189 204 210 234 289 216 208 74 168 70 80 74 94 89 116 103 63 128 215 204 188 237 141 156 193 164 180 152 165 152 172 181  
 152 23 161 97 99 77 159 213 192 217 117 53 68 29 94 130 122 218 61 53 96 161 136 89 113 106 175 160 228 246 226 58 112 61 45 32 51 147 187 200 177 152 196 126 121 84 58 65 107 93 187 229 269 286 253 143 177 62 52 68 138 150 198 175 139 192 156 123 75 115 29 95 74 57 74 56 72 46 74 61  
 72 122 24 76 168 129 151 84 134 178 29 118 201 171 199 207 144 113 88 124 136 39 84 57 84 61 34 113 146 108 232 163 245 85 140 167 195 200 219 204 180 48 81 117 40 109 95 152 157 186 149 167 224 154 139 143 102 99 100 115 30 20 56 36 8 60 167 168 174 224 140 121 182 152 163 138 144 143 153 174  
 18 120 72 130 111 83 69 89 59 99 71 92 172 170 153 145 74 79 113 151 183 122 156 75 29 43 110 31 88 126 149 128 211 89 161 149 185 129 140 121 98 40 65 43 108 154 84 112 95 136 68 97 149 156 115 206 36 130 123 152 52 66 98 80 86 77 88 100 131 176 121 65 142 117 119 104 100 115 108 139  
 99 222 92 192 227 199 165 33 113 148 135 203 286 274 269 258 186 49 198 237 252 136 195 159 142 140 108 122 88 27 222 242 327 185 251 260 293 237 234 202 187 93 51 156 156 225 188 227 210 252 138 120 172 41 38 255 93 212 211 230 109 101 66 80 124 57 188 212 246 291 231 181 258 231 235 218 216 227 224 254  
 145 47 133 46 141 108 181 191 199 233 89 80 125 72 147 178 150 208 28 13 48 116 81 68 117 98 137 167 228 219 258 108 167 54 29 88 100 189 225 230 204 136 180 142 78 28 66 109 143 143 200 237 284 264 240 90 176 13 18 14 117 123 167 147 104 168 184 160 125 169 75 119 126 103 120 95 111 90 116 114  
 140 111 185 181 16 56 84 211 139 141 157 80 86 129 44 24 51 192 143 160 204 217 220 136 103 122 217 116 180 249 121 57 107 118 157 92 122 34 77 101 84 158 186 80 184 184 102 49 27 28 120 165 185 275 227 247 144 156 143 172 158 175 217 196 182 199 66 27 41 59 86 62 51 57 40 63 47 69 41 59  
 61 145 119 173 98 88 25 120 36 57 118 109 174 189 143 122 54 92 149 184 221 170 202 116 60 85 157 20 77 157 101 130 206 122 191 160 196 98 97 74 52 86 95 36 154 193 111 114 80 125 25 68 109 175 125 249 47 167 157 188 100 114 140 125 134 116 48 77 126 162 136 68 139 121 116 112 101 124 107 140  
 82 201 130 211 161 150 81 100 28 45 149 168 237 248 206 181 117 57 196 235 266 187 232 158 109 126 166 60 18 128 119 193 269 172 244 222 258 153 139 102 94 102 80 97 184 237 165 177 143 188 46 18 75 130 76 287 50 214 207 235 123 130 134 129 156 109 102 138 190 224 196 130 202 184 180 174 164 186 170 203  
 107 54 137 119 46 13 95 176 133 154 101 18 81 89 70 85 57 170 81 102 146 159 158 77 63 72 163 102 172 212 163 37 122 57 102 61 97 91 128 137 113 116 154 64 124 124 40 23 46 57 124 168 205 246 206 186 124 95 82 112 110 126 172 150 126 158 91 62 45 95 37 32 54 26 34 13 16 24 24 48  
 142 66 173 144 39 43 116 212 162 176 136 47 47 78 36 67 76 204 104 113 158 192 184 110 99 109 199 133 202 249 170 6 85 86 108 41 74 86 128 147 126 153 191 94 155 141 71 14 53 30 149 195 225 282 240 202 157 114 101 126 146 162 209 186 161 195 105 67 13 61 38 63 18 13 13 27 27 24 20 13  
 ]

demand:[ 1 1 1 1 1 1 1 1 1 1 1 1 1 1 1 1 1 1 1 1 1 1 1 1 1 1 1 1 1 1 1 1 1 1 1 1 1 1 1 1 1 1 1 1 1 1 1 1 1 1 1 1 1 1 1 1 1 1 1 1 1 1 1 1 1 1 1 1 1 1 1 1 1 1 1 1 1 1 1 1  ]

CostIJJ:[ 344 
309 
436 
436 
487 
377 
404 
466 
307 
311 
406 
434 
302 
377 
313 
383 
437 
418 
486 
469 
 ]

CapJ:[ 13 
9 
26 
26 
33 
18 
22 
30 
8 
9 
22 
26 
8 
18 
9 
19 
26 
24 
33 
31 
 ]

Pref:[  16 13 3 19 2 14 11 16 11 12 4 1 14 10 18 19 16 18 16 8 20 9 9 1 4 19 16 14 11 19 12 20 16 13 7 1 13 18 8 1 1 4 1 5 13 17 16 5 20 4 1 4 7 11 17 13 6 8 20 20 16 15 17 8 7 20 5 14 20 3 9 5 3 7 1 8 15 16 1 18  
 3 20 5 1 6 1 17 10 19 1 18 14 6 14 16 10 15 17 11 4 14 1 20 14 17 20 8 4 6 11 19 1 5 17 4 10 14 20 14 15 5 20 19 11 4 4 13 17 12 16 7 15 2 15 20 16 16 7 4 7 5 5 1 14 11 9 7 17 12 11 2 9 12 4 11 17 18 10 17 12  
 6 19 10 8 13 20 14 9 6 20 12 9 9 4 15 5 19 10 8 3 17 20 16 5 20 15 13 11 2 4 5 19 7 5 3 18 7 5 15 18 4 17 11 19 11 13 12 16 1 19 10 18 5 20 6 3 17 16 9 5 8 20 2 15 18 10 15 16 10 20 14 20 2 20 13 15 2 2 8 2  
 1 12 9 4 18 8 20 5 16 6 15 4 1 15 4 20 12 13 7 5 9 6 5 19 3 11 11 7 18 8 16 5 12 4 18 15 2 10 13 16 19 15 17 4 5 3 4 3 15 17 3 12 20 14 7 11 13 13 15 1 11 13 11 9 13 2 2 12 17 7 8 13 11 2 3 12 6 14 5 7  
 12 11 20 15 9 7 7 15 18 4 7 5 19 3 14 11 10 14 14 12 13 13 19 18 15 16 2 17 1 16 7 10 15 7 11 16 9 13 11 19 8 19 10 17 12 20 17 10 13 10 18 3 1 13 19 14 2 15 1 8 7 7 18 20 17 6 20 2 6 13 10 16 5 19 6 7 12 17 15 10  
 20 4 1 14 3 18 10 11 9 7 9 3 20 2 11 2 4 4 6 20 16 14 3 10 18 17 5 13 3 7 13 2 18 14 1 3 15 19 4 14 14 13 7 3 3 9 6 18 18 15 15 11 15 17 8 19 12 2 6 4 14 9 15 1 12 13 6 8 9 12 18 12 9 10 18 19 1 4 19 5  
 13 9 12 7 5 5 12 7 12 3 14 7 15 17 3 12 8 16 15 1 18 12 15 16 14 6 15 20 7 20 2 9 9 19 14 13 17 4 17 9 12 11 20 18 2 14 8 8 11 7 12 19 17 4 2 2 20 11 10 11 12 10 8 16 14 1 3 18 16 4 7 7 13 11 9 4 16 13 10 17  
 14 14 18 10 12 9 3 4 8 19 16 2 17 12 7 4 13 5 9 2 19 4 14 20 11 12 12 8 5 3 11 4 4 18 19 2 5 6 18 8 7 12 5 20 17 16 14 14 16 9 11 1 18 2 5 9 11 10 5 13 19 3 4 17 10 19 1 15 8 17 17 4 7 6 19 11 9 11 16 1  
 5 17 17 13 19 2 5 3 2 14 6 6 2 11 9 3 18 3 10 19 7 19 6 15 10 7 1 3 4 12 10 15 1 11 6 9 18 3 10 20 13 7 15 9 9 2 15 9 3 5 13 9 8 18 9 20 14 18 7 17 20 16 7 19 9 8 17 7 11 5 19 1 18 8 8 13 8 9 13 6  
 15 3 11 17 8 15 4 1 14 10 19 13 7 8 20 15 9 7 18 7 6 11 17 4 5 1 20 18 9 18 6 8 19 1 20 7 12 12 16 7 17 5 12 1 16 19 7 2 17 12 17 5 16 16 3 12 19 20 14 19 6 8 20 12 19 15 14 20 2 19 12 14 17 15 7 14 20 7 7 3  
 17 10 15 5 20 10 15 18 20 11 10 19 8 19 6 17 7 20 12 14 10 2 18 3 8 14 7 10 19 6 20 3 14 9 2 20 6 7 9 6 20 18 3 8 20 11 19 1 9 6 14 14 12 1 15 15 1 19 19 18 17 4 12 11 2 17 8 13 7 6 4 8 10 13 5 5 11 6 12 16  
 4 7 14 6 15 3 9 13 3 2 3 18 11 20 8 8 2 19 3 15 11 17 1 11 12 8 18 12 12 9 1 7 11 2 16 8 16 15 3 13 2 14 6 16 6 7 2 12 7 3 16 8 3 12 16 8 10 4 17 12 2 14 6 13 1 14 9 4 14 16 6 11 6 17 10 3 19 1 3 19  
 11 15 8 12 14 19 1 6 13 8 17 17 12 9 19 1 1 1 4 16 12 5 12 8 7 4 9 16 15 17 3 14 20 15 9 6 10 16 5 10 3 8 4 7 14 6 9 13 19 2 6 10 14 6 11 5 7 9 3 3 4 17 3 4 3 12 19 1 1 1 15 18 19 12 2 18 17 3 18 20  
 2 18 7 16 16 11 8 14 10 17 11 16 18 1 12 6 20 11 2 13 15 10 11 6 9 2 17 1 14 1 9 18 6 6 5 14 20 2 2 4 11 9 8 10 1 12 5 15 10 13 5 7 9 8 14 17 5 3 2 14 15 6 9 3 15 11 16 6 13 14 20 17 8 16 17 6 7 19 11 9  
 7 8 4 2 10 17 18 17 1 13 2 10 10 6 13 16 14 8 20 11 1 8 7 13 13 5 4 5 16 10 14 12 10 12 12 11 1 1 1 2 9 2 18 12 18 15 1 11 2 20 9 6 13 19 4 1 4 1 11 2 10 18 5 18 5 3 13 9 5 10 3 10 15 9 14 1 13 8 9 15  
 10 6 6 3 11 6 13 12 5 15 5 20 3 13 10 18 11 15 1 17 5 18 4 9 2 3 3 2 8 5 17 13 17 10 8 5 19 14 7 3 6 16 16 14 15 1 18 19 5 14 20 17 10 7 13 10 15 6 16 9 13 1 13 6 16 18 12 10 15 9 1 2 20 1 16 10 3 12 14 14  
 9 1 2 18 17 12 19 2 17 5 1 12 4 7 1 7 3 2 13 9 8 7 2 17 6 9 14 9 10 2 18 11 2 16 10 4 8 17 12 5 18 1 9 6 7 8 20 6 8 8 2 2 6 5 18 6 9 5 12 6 18 19 10 7 20 16 4 3 19 15 16 3 16 3 12 20 4 18 4 11  
 19 5 16 11 4 16 2 8 7 18 20 8 13 18 17 9 6 12 17 10 3 15 8 12 1 10 10 19 13 14 15 6 13 3 15 17 3 9 20 12 10 3 2 13 8 18 11 7 4 11 19 13 19 10 12 18 18 12 13 10 9 2 16 2 6 4 10 11 3 18 13 6 14 18 4 16 5 15 6 4  
 8 2 19 20 1 13 6 19 15 16 8 11 16 5 5 14 17 9 19 6 2 16 10 2 16 18 19 6 20 13 4 17 3 8 17 19 4 11 19 11 16 10 13 2 10 10 10 4 14 18 4 20 11 3 1 7 3 17 8 16 1 11 19 10 8 5 11 19 4 8 11 19 1 5 15 9 10 5 20 13  
 18 16 13 9 7 4 16 20 4 9 13 15 5 16 2 13 5 6 5 18 4 3 13 7 19 13 6 15 17 15 8 16 8 20 13 12 11 8 6 17 15 6 14 15 19 5 3 20 6 1 8 16 4 9 10 4 8 14 18 15 3 12 14 5 4 7 18 5 18 2 5 15 4 14 20 2 14 20 2 8  
 ]

