nJ:30 
nI:70 

CostIJ:[  130 58 129 129 84 71 62 67 106 187 163 91 113 66 117 185 111 151 78 48 42 84 49 99 109 162 143 168 163 198 184 147 156 113 25 48 61 74 102 156 152 94 128 113 153 77 98 140 101 204 72 18 32 134 145 155 43 64 104 147 193 134 82 159 132 136 107 119 116 142  
 66 134 126 40 82 170 122 102 28 89 80 45 126 161 89 156 161 165 80 70 91 161 142 189 207 151 45 114 72 108 85 82 117 100 111 148 53 48 128 133 77 47 29 36 57 112 156 239 197 196 129 83 115 104 108 122 107 147 79 48 97 49 20 59 34 37 13 24 17 43  
 144 180 202 56 49 192 105 163 108 134 56 42 71 165 168 236 222 238 149 126 91 144 176 225 230 75 100 193 136 168 116 26 38 38 149 167 68 118 196 212 152 124 88 46 76 82 124 249 197 274 185 109 120 183 187 202 156 189 26 87 103 123 72 98 97 82 91 97 80 95  
 201 161 228 141 60 141 45 170 165 221 152 100 28 100 206 278 216 255 172 140 68 62 142 184 172 75 180 248 213 248 207 122 99 59 130 119 92 152 206 250 217 169 164 125 167 32 32 175 120 305 178 99 77 224 233 245 148 163 75 173 199 191 122 185 172 164 154 165 152 176  
 52 189 117 117 184 242 220 144 80 63 141 146 228 247 85 100 184 152 117 135 188 257 209 244 274 247 72 49 37 29 84 163 205 200 181 225 152 108 144 96 29 87 84 127 105 213 256 315 282 148 171 170 206 81 72 80 166 203 178 88 116 53 121 82 75 90 89 79 94 78  
 101 206 180 45 126 241 179 171 82 45 45 89 161 228 140 190 228 220 146 141 153 220 214 261 278 163 40 138 64 86 24 74 116 129 183 218 114 117 191 175 94 107 47 63 18 162 207 309 263 236 199 153 180 149 147 160 179 219 110 25 25 72 88 20 49 36 70 62 56 36  
 49 146 57 144 189 204 209 102 85 120 179 156 233 220 40 45 128 89 80 109 177 239 171 197 231 264 108 17 84 92 137 192 230 211 148 193 150 90 90 33 53 73 111 148 143 210 247 276 253 90 124 151 187 25 13 16 129 159 191 126 167 75 126 125 104 122 102 98 114 113  
 92 82 113 89 72 113 82 63 63 144 126 60 113 108 89 161 122 144 57 27 51 116 87 134 150 154 100 135 120 156 142 116 136 100 56 91 34 37 98 133 113 56 85 76 112 84 120 183 143 190 84 29 64 107 117 129 57 94 85 105 152 92 41 116 89 93 63 75 74 99  
 153 38 95 202 179 80 154 63 152 234 241 176 209 119 116 152 28 88 90 94 138 158 59 52 92 258 197 165 200 226 240 233 249 208 71 88 148 117 59 128 175 129 186 191 220 172 183 140 138 148 34 110 122 124 137 138 60 37 197 208 258 173 155 217 186 198 163 172 178 199  
 173 85 171 156 89 60 40 108 146 224 184 113 100 28 161 228 141 189 122 92 48 41 61 102 94 152 179 212 202 238 218 162 159 113 59 37 86 117 141 199 195 137 163 139 182 64 63 111 63 245 106 53 20 178 190 199 80 83 113 180 221 175 115 192 168 169 143 156 150 177  
 129 256 209 108 190 297 242 216 128 45 100 152 224 288 171 200 268 247 189 193 215 283 269 312 334 220 85 148 81 72 43 132 172 191 238 276 176 165 229 194 112 150 99 126 81 225 271 367 324 248 245 211 241 174 167 178 230 270 173 81 52 106 146 69 96 92 122 110 111 85  
 102 134 38 194 221 193 226 100 131 180 231 195 263 220 68 34 94 38 94 126 198 249 162 173 212 301 163 75 144 152 196 240 273 247 149 189 181 119 69 28 112 111 163 193 198 234 263 260 248 40 109 168 199 54 56 44 128 144 228 180 225 130 164 182 157 175 149 148 163 168  
 38 100 63 102 128 152 146 57 40 117 141 100 172 161 28 100 108 102 28 48 114 177 120 156 185 207 82 72 82 111 124 146 178 153 92 137 89 27 70 74 61 16 76 99 112 147 184 226 195 134 85 89 125 46 54 67 77 114 133 97 147 56 69 103 73 88 57 60 72 86  
 190 193 237 108 54 189 89 188 152 186 105 80 32 152 206 277 243 270 181 152 93 120 181 228 223 29 152 239 187 220 168 72 40 26 160 164 92 153 224 252 200 164 138 95 129 64 92 232 178 312 204 121 116 223 230 244 173 199 46 140 153 172 111 151 147 134 137 145 129 147  
 235 217 274 156 91 199 101 220 197 235 152 125 48 156 247 319 270 304 218 187 119 116 199 242 228 36 200 283 235 269 217 120 82 70 184 177 131 193 257 292 247 206 186 143 178 82 84 227 173 351 231 150 133 265 272 286 201 219 91 188 200 219 154 199 195 182 182 192 176 195  
 115 94 34 194 203 151 198 71 132 199 234 185 242 183 73 79 49 14 77 104 173 215 123 128 168 285 172 106 162 179 211 236 264 231 115 151 165 109 34 59 132 109 168 189 204 210 234 216 208 74 70 142 168 70 79 74 94 103 215 188 237 141 156 193 164 180 149 152 165 176  
 253 205 279 188 110 174 91 219 216 268 192 149 68 129 258 329 261 303 223 191 119 86 182 219 198 86 229 300 262 298 253 160 127 100 175 156 144 204 255 301 269 221 213 172 212 84 58 188 137 355 224 149 122 276 284 297 195 204 120 220 240 242 174 232 222 212 205 216 202 225  
 222 92 192 227 165 33 113 135 203 286 258 186 171 49 198 252 136 195 159 140 122 88 66 61 27 222 242 251 260 293 284 237 234 187 93 51 156 168 156 225 245 188 227 210 252 138 120 41 38 255 116 116 93 212 224 230 109 80 188 246 291 231 181 258 231 235 206 218 216 242  
 36 120 46 127 163 178 181 76 64 119 164 133 207 192 13 65 111 85 52 81 149 211 145 174 206 240 97 41 82 101 133 174 209 187 121 165 124 63 71 41 52 48 96 128 131 182 219 251 225 104 100 123 158 13 18 31 102 134 167 114 160 64 102 116 90 108 82 81 97 101  
 126 11 92 161 135 68 114 34 117 201 199 133 167 94 97 152 58 104 61 54 95 126 36 68 97 215 161 151 170 200 204 189 205 164 29 62 104 80 58 124 150 96 149 148 181 131 147 141 121 162 20 66 82 111 123 129 16 26 153 170 220 141 113 180 150 159 126 135 140 162  
 174 37 130 204 164 40 128 81 164 249 241 171 187 82 143 190 70 129 109 100 120 124 32 20 53 238 208 195 218 248 251 227 237 192 59 54 141 128 93 163 198 144 195 190 226 150 152 100 97 190 56 98 97 155 167 171 62 23 185 216 265 190 156 226 197 205 172 182 185 209  
 116 32 68 166 153 92 139 25 115 196 206 144 188 120 81 128 37 77 52 60 117 153 61 80 115 235 159 132 162 190 202 200 220 182 54 89 118 80 32 101 139 91 149 156 184 153 173 162 147 135 8 86 107 91 104 108 34 44 169 171 221 135 120 179 149 161 126 134 142 161  
 168 36 136 187 141 24 103 79 153 238 222 151 162 59 142 196 86 142 104 88 96 100 11 40 54 213 195 195 209 241 238 206 213 168 43 29 120 117 100 168 192 135 181 172 210 125 127 96 80 202 60 77 72 155 168 174 54 25 162 202 250 180 139 213 184 191 158 170 171 195  
 116 167 178 28 57 188 112 144 80 108 46 27 92 167 141 208 204 215 127 108 91 153 167 216 226 104 72 164 108 141 93 32 65 60 138 163 57 95 175 185 123 98 59 17 53 93 138 250 201 248 168 100 119 156 160 174 141 178 40 61 86 94 49 72 68 54 62 68 51 67  
 111 185 181 16 84 211 139 157 80 86 24 51 117 192 143 204 217 220 136 122 116 180 188 236 249 121 57 157 92 122 68 34 77 84 158 186 80 104 184 184 113 102 49 27 28 120 165 275 227 247 183 122 144 156 157 172 158 196 66 41 59 86 62 51 57 40 62 63 47 51  
 145 119 173 98 25 120 36 118 109 174 122 54 54 92 149 221 170 202 116 85 20 77 108 156 157 101 130 191 160 196 163 98 97 52 86 95 36 95 154 193 162 111 114 80 125 25 68 175 125 249 131 48 47 167 175 188 100 125 48 126 162 136 68 139 121 116 100 112 101 127  
 201 130 211 161 81 100 28 149 168 237 181 117 70 57 196 266 187 232 158 126 60 18 107 144 128 119 193 244 222 258 227 153 139 94 102 80 97 146 184 237 220 165 177 143 188 46 18 130 76 287 150 84 50 214 224 235 123 129 102 190 224 196 130 202 184 180 161 174 164 190  
 43 154 120 54 118 197 157 115 26 59 88 79 161 193 80 136 170 160 88 91 126 196 167 210 233 181 20 88 36 72 63 102 142 133 136 176 88 62 132 118 46 48 20 61 53 148 192 268 229 180 143 115 148 90 90 104 128 167 111 36 85 17 56 41 13 30 24 12 27 24  
 70 159 142 26 96 195 142 125 40 67 62 56 137 185 103 163 184 182 101 95 113 182 168 214 232 154 24 116 58 93 60 74 114 108 137 173 74 71 148 143 74 64 9 34 33 129 174 264 221 206 153 108 138 115 116 131 132 172 86 23 72 45 43 34 18 11 24 22 9 20  
 68 183 148 49 128 224 175 145 56 34 71 88 168 217 108 157 200 188 118 119 146 215 195 239 260 180 11 106 34 63 32 93 136 137 164 202 106 92 162 142 61 79 27 64 34 162 207 294 253 203 174 139 170 116 114 127 157 197 117 18 56 40 75 13 23 24 48 37 39 13  
 ]

demand:[ 1 1 1 1 1 1 1 1 1 1 1 1 1 1 1 1 1 1 1 1 1 1 1 1 1 1 1 1 1 1 1 1 1 1 1 1 1 1 1 1 1 1 1 1 1 1 1 1 1 1 1 1 1 1 1 1 1 1 1 1 1 1 1 1 1 1 1 1 1 1  ]

CostIJJ:[ 344 
309 
436 
436 
487 
377 
404 
466 
307 
311 
406 
434 
302 
377 
313 
383 
437 
418 
486 
469 
405 
318 
431 
383 
440 
482 
452 
452 
309 
447 
 ]

CapJ:[ 13 
8 
25 
25 
32 
17 
21 
29 
8 
8 
21 
25 
7 
17 
9 
18 
25 
23 
31 
29 
21 
9 
24 
18 
25 
31 
27 
14 
8 
26 
 ]

Pref:[  24 25 27 23 13 4 12 22 23 12 28 29 24 22 26 12 5 6 25 18 28 21 5 7 22 15 6 17 20 15 16 10 19 15 21 4 19 6 6 12 15 29 1 25 17 14 13 19 7 26 19 18 16 6 1 21 13 14 6 5 16 26 10 23 19 8 26 18 8 13  
 2 11 29 2 16 28 30 16 28 29 12 26 15 25 6 2 11 16 15 26 3 20 16 22 2 2 22 24 22 17 24 3 2 12 18 11 22 7 2 18 16 16 22 27 18 28 19 2 8 13 3 13 7 2 5 25 20 16 26 30 21 21 5 13 17 29 28 16 5 11  
 9 22 7 24 1 16 22 7 12 20 10 16 17 4 8 7 19 27 24 27 20 9 3 29 27 20 21 11 21 20 1 14 1 20 4 8 8 2 9 4 11 9 6 3 26 2 16 25 16 5 12 29 11 12 17 13 26 23 22 19 24 7 14 21 28 24 7 10 17 29  
 8 6 18 1 9 18 8 4 9 3 9 22 16 12 5 8 6 5 8 1 8 7 11 25 30 21 20 1 25 13 4 12 30 10 10 15 14 15 24 6 7 5 9 7 16 13 22 4 21 6 30 27 18 29 11 30 2 18 29 10 13 4 6 6 14 10 17 11 20 4  
 1 13 2 13 15 17 9 23 14 22 21 28 2 17 9 20 1 2 22 8 1 23 20 8 28 29 8 14 5 1 13 7 23 22 9 12 26 12 5 17 26 15 16 1 22 29 11 30 24 16 1 8 13 16 15 2 3 3 3 14 12 5 15 22 23 28 16 19 14 15  
 4 9 5 8 2 12 26 12 22 19 26 10 29 8 13 18 24 11 30 5 13 29 10 28 8 18 29 22 10 27 27 22 18 11 7 26 10 14 21 22 10 17 12 14 14 7 26 29 2 18 25 30 30 10 29 18 21 7 28 3 4 8 23 14 18 21 29 3 3 14  
 7 16 12 12 29 7 1 2 11 16 15 20 10 14 15 27 10 30 28 23 9 19 25 24 11 25 15 29 4 30 17 21 29 8 11 20 27 10 26 16 17 26 18 20 29 11 24 26 14 27 10 15 1 8 16 20 7 24 12 4 15 24 16 30 5 26 22 20 28 5  
 13 20 6 11 28 30 28 26 6 6 17 1 6 28 11 6 16 9 5 14 4 17 4 9 19 7 4 21 29 22 20 20 17 18 13 10 3 1 7 1 9 1 17 28 3 4 4 10 5 12 15 24 24 18 8 27 22 27 8 16 27 23 17 25 4 3 13 9 10 25  
 15 30 26 7 27 2 18 1 13 15 13 21 26 21 25 24 8 24 12 16 17 8 24 13 25 9 25 15 13 7 7 26 8 28 29 21 7 26 22 14 8 13 8 24 20 16 18 1 18 10 23 10 10 13 7 5 25 21 27 24 28 1 20 20 25 7 12 22 9 27  
 25 29 17 27 11 29 29 28 29 9 29 19 21 30 22 23 27 29 16 11 22 13 9 3 13 19 9 8 28 2 9 9 26 9 6 27 5 11 15 30 19 3 10 11 6 15 6 27 3 8 18 25 27 20 23 6 27 26 16 18 20 18 12 17 16 27 24 4 15 28  
 5 17 30 6 20 6 7 20 27 30 14 12 8 3 20 10 12 1 29 25 18 4 26 21 9 6 11 7 17 23 23 25 3 16 25 23 25 27 23 24 20 2 7 13 15 17 2 15 13 7 14 28 17 27 28 12 8 6 21 13 19 3 29 7 21 22 9 2 25 17  
 3 24 25 17 4 5 27 13 15 10 4 13 28 7 18 26 22 4 14 7 23 16 14 18 1 12 14 10 8 9 28 5 22 29 3 28 20 25 18 28 14 21 24 16 11 26 8 12 30 30 27 19 19 1 18 16 17 10 17 22 14 9 24 16 22 18 30 29 7 19  
 17 10 16 22 30 26 6 18 19 25 24 3 13 29 10 9 13 18 9 9 5 22 6 26 4 28 3 2 15 4 5 29 7 23 30 9 13 28 20 26 29 6 4 8 10 27 1 9 6 25 26 26 28 9 19 29 9 8 20 23 30 12 25 4 29 12 5 13 29 1  
 26 12 3 16 18 8 23 9 16 27 27 15 19 27 3 25 30 21 18 17 6 24 21 1 17 11 10 26 6 6 18 30 16 19 23 22 23 13 4 25 22 19 27 5 13 23 15 6 9 2 16 22 2 22 9 7 16 5 23 27 1 22 22 18 30 16 19 30 6 3  
 29 27 4 28 17 20 10 6 17 11 2 7 23 5 12 16 26 19 2 21 12 30 19 4 18 8 2 13 14 24 10 15 10 17 16 24 6 17 29 13 12 18 29 10 30 18 3 8 20 4 20 16 14 26 13 15 28 28 4 21 17 29 11 28 6 17 20 12 22 22  
 18 8 9 29 25 27 13 10 26 7 22 14 5 23 28 5 15 26 7 15 27 1 7 5 23 10 24 4 27 16 14 13 6 13 14 2 9 19 16 19 3 30 3 4 12 20 12 14 27 23 8 2 23 28 30 4 18 11 25 9 8 2 2 5 26 4 21 1 11 6  
 20 2 14 19 24 13 19 15 21 28 20 11 22 1 14 21 14 22 20 6 7 27 27 14 10 4 19 3 16 19 11 11 20 25 20 7 21 20 14 11 25 11 5 15 27 3 21 3 19 3 24 7 26 23 21 10 11 30 14 26 22 10 30 24 7 13 3 6 1 26  
 27 1 13 26 19 15 4 29 1 18 30 4 27 16 16 11 25 17 21 28 10 6 8 12 21 23 5 6 12 29 8 19 25 6 28 16 30 4 27 27 30 12 25 2 4 5 14 16 28 15 22 11 20 24 14 19 4 13 5 6 3 16 27 19 8 25 18 27 18 7  
 11 26 19 15 7 23 5 19 2 13 1 6 18 2 2 29 29 20 17 24 21 28 28 17 24 24 28 25 26 25 29 16 27 14 27 25 12 29 12 7 6 8 13 18 5 30 5 11 26 29 2 5 8 7 3 24 19 17 9 12 23 28 1 11 2 1 10 14 21 21  
 30 3 15 20 26 21 14 27 24 17 11 30 14 15 29 15 18 25 19 22 2 3 30 27 3 5 7 12 18 28 2 4 28 4 24 29 2 3 19 10 2 27 14 12 21 6 17 13 23 17 11 21 5 5 20 26 24 20 19 17 26 6 4 8 13 6 1 17 16 18  
 19 15 28 9 22 22 2 30 7 5 8 2 7 10 7 28 3 23 23 2 24 11 1 2 7 22 27 18 30 5 15 27 5 27 15 17 16 30 8 5 1 28 11 17 25 19 28 18 11 20 5 20 6 21 6 8 29 25 15 25 5 19 13 12 20 23 15 23 13 10  
 21 4 10 18 10 10 25 11 18 26 3 23 4 6 21 17 20 7 10 4 11 18 12 30 14 1 12 28 7 8 19 6 13 26 2 18 29 9 11 15 4 23 26 21 9 1 23 20 10 24 6 23 3 11 26 22 1 15 24 8 29 17 28 1 24 5 11 15 12 8  
 12 21 22 14 14 9 20 3 10 21 16 8 9 20 1 4 28 12 3 19 16 15 17 23 5 27 26 19 1 21 22 8 21 7 19 13 11 8 30 9 21 22 15 29 1 12 27 7 4 28 13 3 22 14 22 17 10 2 1 11 6 15 19 29 3 14 27 25 23 23  
 6 5 24 4 5 11 11 17 30 1 18 24 30 13 19 1 21 28 1 12 29 26 22 15 26 3 23 30 23 14 6 23 14 3 17 19 28 5 3 2 24 25 28 19 28 21 7 5 15 14 29 1 12 4 27 14 12 4 18 29 7 11 3 3 15 30 2 21 19 9  
 10 18 8 3 8 14 3 14 8 4 5 25 25 19 4 22 2 13 13 3 26 5 13 16 20 17 30 23 3 12 21 17 24 5 22 3 18 18 25 20 23 14 21 30 7 24 20 23 1 21 4 17 9 3 4 23 23 1 11 15 25 25 8 10 12 15 14 24 4 20  
 28 19 11 10 6 24 17 24 20 14 23 18 11 24 27 30 9 15 6 10 19 12 15 19 15 13 13 9 2 11 3 1 9 1 1 14 4 23 17 29 28 7 30 6 2 10 9 22 17 9 9 4 4 19 12 9 6 22 7 28 10 27 21 2 1 11 8 8 30 2  
 16 28 21 25 3 25 15 8 5 8 19 9 1 9 23 14 7 3 27 13 30 2 18 11 16 14 16 20 24 26 25 2 11 21 8 1 24 22 1 8 18 10 19 22 19 22 29 24 29 22 17 6 29 15 24 3 5 12 30 1 18 30 26 9 27 2 4 28 2 16  
 23 7 1 5 12 19 24 25 3 24 7 27 3 18 24 19 17 10 11 29 14 14 29 20 12 30 1 5 11 3 26 24 4 24 5 30 17 24 28 3 13 24 2 23 23 25 25 21 25 19 7 12 25 17 2 1 14 29 2 20 11 13 9 15 10 9 25 7 26 12  
 14 14 23 30 21 3 16 5 4 2 6 5 20 11 30 13 23 8 4 30 25 25 23 10 29 26 17 16 19 18 12 28 12 30 26 6 15 16 10 23 5 4 23 26 8 9 10 28 22 1 21 9 15 30 25 28 15 9 13 7 9 14 18 27 9 20 6 5 27 24  
 22 23 20 21 23 1 21 21 25 23 25 17 12 26 17 3 4 14 26 20 15 10 2 6 6 16 18 27 9 10 30 18 15 2 12 5 1 21 13 21 27 20 20 9 24 8 30 17 12 11 28 14 21 25 10 11 30 19 10 2 2 20 7 26 11 19 23 26 24 30  
 ]

