nJ:10 
nI:90 

CostIJ:[  179 138 174 152 171 131 126 146 45 28 23 12 40 23 28 20 223 191 213 184 207 178 200 365 362 353 342 334 333 330 322 295 288 282 268 272 244 244 256 249 160 12 218 198 271 224 100 63 209 184 128 146 72 179 243 260 171 148 236 152 108 154 243 245 61 117 160 257 183 46 92 168 184 88 140 218 106 89 92 295 128 176 192 226 206 203 108 89 93 136  
 308 272 310 294 313 277 282 300 162 175 181 195 179 200 206 219 22 20 22 22 26 26 34 227 234 215 216 209 197 182 199 316 314 302 291 309 268 285 304 293 301 213 20 8 156 66 105 183 207 105 77 108 227 220 136 100 81 108 155 200 174 238 202 235 256 97 149 72 81 229 273 149 194 145 86 97 101 132 205 102 149 131 139 184 122 184 155 180 119 232  
 335 320 344 338 350 333 343 354 313 315 322 326 333 346 354 357 202 194 216 201 224 209 234 28 34 16 22 20 4 23 23 235 238 227 225 247 216 240 257 246 342 349 209 198 67 138 252 284 178 153 233 303 316 222 94 100 172 190 107 226 244 263 136 172 364 275 347 133 282 336 362 178 192 249 204 124 269 305 279 131 215 163 149 139 131 163 339 263 249 272  
 141 153 153 160 161 169 181 180 269 256 262 251 284 282 288 278 307 270 310 272 313 274 316 244 228 237 216 212 227 242 206 34 28 22 8 20 22 20 28 22 160 271 309 281 186 241 244 200 82 184 251 333 197 85 181 241 209 188 153 113 161 109 102 61 245 288 372 272 342 229 221 142 98 198 217 204 273 295 169 301 161 158 151 112 173 106 334 176 226 127  
 34 26 26 8 22 20 23 12 183 163 165 146 187 172 175 157 318 277 313 274 310 272 308 367 357 357 340 333 341 347 323 197 189 188 176 169 161 148 149 148 11 154 315 288 281 282 202 120 168 221 225 280 81 124 260 305 227 195 239 119 123 81 213 190 102 240 304 320 309 104 68 176 152 152 210 257 224 225 91 358 152 196 204 205 230 181 254 116 183 74  
 102 68 105 89 108 77 85 100 128 113 119 107 141 138 144 134 227 186 224 184 222 183 221 286 279 276 260 253 258 261 242 179 172 165 151 156 127 128 141 133 97 127 225 198 196 189 122 57 100 128 140 209 60 63 172 213 134 102 154 40 32 41 141 134 112 165 242 226 230 89 101 86 76 69 119 164 148 161 25 265 59 105 114 128 139 103 198 36 101 28  
 267 225 264 243 263 222 221 241 60 80 80 100 63 86 89 108 149 130 134 122 127 114 117 342 345 330 326 318 311 301 306 346 341 332 318 328 292 300 316 306 251 105 141 132 255 180 72 126 241 171 82 45 161 228 228 220 146 141 233 200 153 220 261 278 163 40 63 203 86 144 193 183 218 114 117 191 47 18 162 236 153 179 195 241 196 226 25 143 88 206  
 184 149 187 171 190 156 161 179 102 100 108 110 122 132 140 141 145 104 141 102 141 101 140 243 241 231 221 213 212 209 201 221 216 206 193 206 168 179 197 186 178 134 143 115 149 113 57 72 113 63 63 144 113 108 122 144 57 27 116 82 51 116 134 150 154 100 184 150 156 126 161 56 91 34 37 98 85 112 84 190 29 57 73 115 85 98 152 60 41 109  
 291 265 297 286 302 275 283 298 217 223 230 237 237 253 261 267 105 90 117 97 123 105 133 131 137 119 118 111 100 88 100 249 248 236 228 248 209 230 250 238 292 259 111 95 60 34 155 203 151 71 132 199 242 183 49 14 77 104 76 174 173 215 128 168 285 172 243 46 179 257 290 115 151 165 109 34 168 204 210 74 142 94 89 116 63 128 237 188 156 218  
 196 177 204 196 209 190 200 211 195 191 199 196 214 222 230 228 180 145 185 148 188 152 193 168 161 157 142 134 140 145 123 153 151 140 130 148 108 128 148 136 201 220 182 156 79 112 147 148 49 59 142 227 175 83 61 116 87 78 37 83 105 122 43 72 225 186 270 144 226 199 219 40 51 122 105 76 173 204 138 177 80 40 26 23 44 25 244 125 134 129  
 ]

demand:[ 1 1 1 1 1 1 1 1 1 1 1 1 1 1 1 1 1 1 1 1 1 1 1 1 1 1 1 1 1 1 1 1 1 1 1 1 1 1 1 1 1 1 1 1 1 1 1 1 1 1 1 1 1 1 1 1 1 1 1 1 1 1 1 1 1 1 1 1 1 1 1 1 1 1 1 1 1 1 1 1 1 1 1 1 1 1 1 1 1 1  ]

CostIJJ:[ 344 
309 
436 
436 
487 
377 
404 
466 
307 
311 
 ]

CapJ:[ 11 
7 
22 
22 
28 
15 
18 
25 
7 
7 
 ]

Pref:[  4 3 9 8 6 3 8 8 5 4 3 8 1 3 1 9 6 5 8 10 4 4 7 4 3 8 3 1 10 3 2 7 9 7 2 3 9 9 1 9 4 8 9 2 5 8 2 8 10 3 8 7 7 10 4 7 5 7 8 9 10 2 9 6 2 7 7 3 3 7 5 2 1 1 5 9 6 5 8 2 7 3 6 8 1 10 7 7 3 9  
 9 10 3 1 3 5 5 7 7 3 9 9 6 8 7 1 10 4 5 3 2 8 4 9 7 6 7 10 5 1 8 8 5 10 6 6 8 2 10 4 6 2 3 8 8 10 6 1 8 1 6 3 2 3 1 6 1 9 1 8 7 7 5 8 9 10 8 7 1 2 7 4 2 3 9 1 5 9 9 10 2 8 2 10 2 3 8 5 10 1  
 5 2 8 9 10 9 10 4 8 5 5 5 3 10 2 6 8 9 9 2 10 2 1 1 6 9 2 6 3 5 10 3 6 6 5 2 5 8 2 7 5 3 5 6 2 2 4 4 3 7 3 9 10 5 2 1 6 4 3 1 4 5 4 9 4 1 1 9 4 4 3 9 9 7 3 3 4 10 2 3 9 5 5 9 3 9 4 6 6 8  
 3 7 10 10 2 8 7 1 1 1 2 10 5 6 5 2 1 8 6 5 9 10 3 3 2 7 6 7 6 10 5 5 10 5 3 5 3 4 3 6 2 6 4 10 4 9 7 9 7 10 4 10 3 7 10 2 3 8 7 5 6 8 7 4 3 2 2 5 10 6 2 10 5 6 8 5 10 4 5 8 5 9 7 4 7 6 2 4 8 3  
 2 8 7 6 8 4 6 5 9 2 6 3 9 9 3 7 4 6 3 6 3 6 9 2 8 2 9 5 9 2 1 9 4 1 10 4 10 3 7 10 7 4 10 7 6 3 3 5 9 2 9 2 6 1 9 4 8 5 2 10 5 4 1 5 5 8 9 6 5 8 4 8 3 9 2 6 3 1 6 6 1 7 1 6 5 5 3 10 5 5  
 1 5 4 5 1 6 3 10 2 8 8 4 7 5 8 4 7 3 7 9 7 3 8 6 5 3 4 4 8 6 6 2 3 4 1 9 6 1 8 3 9 5 1 4 3 7 9 7 5 8 2 1 8 4 8 9 4 3 5 4 2 10 3 7 6 4 10 2 2 1 1 7 4 10 4 8 2 7 4 9 6 2 8 1 8 2 6 1 1 6  
 8 4 5 3 5 1 9 6 6 6 4 7 8 2 9 8 3 1 10 8 5 7 5 10 4 5 5 3 4 8 7 6 1 2 4 1 7 5 5 5 3 9 2 3 1 6 1 6 6 5 7 5 4 2 6 10 7 10 6 2 8 3 2 10 8 6 5 1 7 3 9 1 8 8 6 4 7 2 3 5 3 10 3 5 10 1 5 2 7 2  
 7 9 6 2 4 2 2 9 4 10 7 1 10 4 10 5 9 7 4 7 8 1 6 8 1 10 1 9 1 4 4 1 7 9 7 10 2 7 9 8 1 1 6 9 7 4 8 10 1 9 5 8 5 6 3 3 2 1 9 7 3 9 6 1 1 5 6 10 9 9 10 5 10 2 7 7 1 8 7 4 4 6 4 2 6 7 1 8 9 4  
 10 6 1 7 9 7 1 3 10 7 1 6 2 1 6 3 5 10 1 4 6 9 2 5 9 4 10 2 2 7 9 4 8 3 8 7 4 6 4 1 8 7 7 5 10 1 5 3 2 4 10 6 1 9 7 5 9 6 4 3 9 1 10 2 10 9 4 8 8 5 6 6 7 4 10 2 9 6 1 1 10 1 10 3 4 8 10 3 4 10  
 6 1 2 4 7 10 4 2 3 9 10 2 4 7 4 10 2 2 2 1 1 5 10 7 10 1 8 8 7 9 3 10 2 8 9 8 1 10 6 2 10 10 8 1 9 5 10 2 4 6 1 4 9 8 5 8 10 2 10 6 1 6 8 3 7 3 3 4 6 10 8 3 6 5 1 10 8 3 10 7 8 4 9 7 9 4 9 9 2 7  
 ]

