nJ:20 
nI:80 

CostIJ:[  28 22 22 20 22 28 20 184 165 148 190 152 175 179 161 315 294 274 309 270 306 361 350 351 333 326 334 341 316 189 181 180 168 161 153 140 141 140 8 8 313 286 275 278 120 161 89 224 82 117 224 191 233 113 120 74 182 108 240 306 316 308 74 171 151 207 252 286 224 226 89 354 148 191 199 196 224 174 256 182  
 192 151 189 186 146 143 162 22 8 20 23 23 24 32 38 201 181 169 184 156 177 350 349 338 329 321 319 314 309 297 290 283 269 275 244 247 260 252 175 165 195 176 257 204 62 204 119 107 85 179 153 133 224 151 104 158 242 84 93 141 236 160 112 158 77 121 201 230 82 66 96 274 119 164 217 199 192 196 89 75  
 326 289 328 330 294 297 316 170 184 205 184 213 207 213 226 16 22 41 8 41 20 242 251 231 233 226 213 197 216 338 335 324 313 330 289 306 326 314 318 313 8 29 175 85 197 228 224 89 242 241 102 128 176 220 191 257 257 267 100 140 85 68 286 170 161 105 118 117 107 135 221 108 168 152 206 185 143 205 153 132  
 286 251 289 291 256 260 279 144 156 175 161 184 182 189 200 43 22 8 41 8 45 228 234 216 215 208 197 184 197 300 297 286 274 291 251 267 286 275 280 274 41 14 151 63 161 190 184 57 206 201 63 88 144 180 152 217 220 236 82 146 81 83 252 131 123 65 88 97 84 118 184 115 129 114 170 148 109 167 144 98  
 335 320 344 350 333 343 354 313 315 326 333 337 346 354 357 202 201 194 224 209 234 28 34 16 22 20 4 23 23 235 238 227 225 247 216 240 257 246 342 344 209 198 67 138 284 178 261 233 316 222 172 190 107 226 244 263 172 364 275 347 133 282 362 178 249 204 124 104 269 305 279 131 215 163 139 143 131 163 339 249  
 141 153 153 161 169 181 180 269 256 251 284 261 282 288 278 307 289 270 313 274 316 244 228 237 216 212 227 242 206 34 28 22 8 20 22 20 28 22 160 168 309 281 186 241 200 82 144 251 197 85 209 188 153 113 161 109 61 245 288 372 272 342 221 142 198 217 204 228 273 295 169 301 161 158 112 129 173 106 334 226  
 185 144 179 175 136 131 149 51 38 24 42 12 20 22 8 232 213 200 215 187 207 377 374 365 354 346 345 342 334 305 299 292 278 282 254 254 266 259 165 154 226 207 283 234 75 220 127 138 79 190 182 159 248 163 119 163 257 60 123 160 267 188 93 180 100 151 229 259 113 93 102 305 140 188 238 220 218 215 108 104  
 220 180 220 221 182 184 204 63 72 91 82 100 100 108 117 126 105 91 113 79 108 280 281 268 261 253 248 241 241 277 272 262 249 261 223 233 251 240 209 202 121 99 189 126 82 170 122 28 126 161 80 70 163 134 91 161 207 151 45 128 157 108 170 111 53 48 128 155 29 57 112 196 83 107 169 147 127 154 97 20  
 224 195 229 233 205 213 228 160 161 173 180 184 193 201 204 122 105 86 129 93 134 181 180 169 160 152 149 146 140 211 209 197 186 204 163 181 201 189 223 221 124 97 88 63 134 102 128 89 172 122 28 37 63 108 102 149 131 216 134 216 100 167 220 49 97 54 37 71 124 158 139 138 71 28 81 59 25 79 196 96  
 303 262 301 301 260 260 280 102 122 143 108 146 131 134 152 118 108 110 94 94 82 330 335 318 316 309 299 286 297 365 361 351 337 350 312 322 340 329 289 280 110 108 249 165 161 256 209 85 200 251 144 150 234 224 180 249 292 207 45 45 180 43 235 196 140 122 184 199 61 57 195 209 172 187 249 227 196 238 54 109  
 267 225 264 263 222 221 241 60 80 100 63 102 86 89 108 149 134 130 127 114 117 342 345 330 326 318 311 301 306 346 341 332 318 328 292 300 316 306 251 242 141 132 255 180 126 241 179 82 161 228 146 141 233 200 153 220 278 163 40 63 203 86 193 183 114 117 191 212 47 18 162 236 153 179 241 219 196 226 25 88  
 256 235 264 269 247 256 269 220 221 231 240 243 253 261 263 146 136 122 161 134 170 122 120 110 100 92 90 89 80 200 200 188 180 201 162 184 204 192 260 260 151 130 28 72 190 108 172 146 224 144 82 96 28 141 152 181 120 271 190 268 94 211 270 87 155 113 40 49 181 217 188 120 122 70 70 61 37 86 253 156  
 305 279 312 316 289 297 312 228 234 249 247 260 264 272 279 103 100 94 124 110 134 126 134 115 117 110 97 82 100 260 260 248 240 261 222 243 263 251 306 305 110 97 66 40 216 165 213 141 256 197 89 118 88 189 187 230 180 299 180 247 38 181 304 130 178 120 48 14 177 213 224 61 156 109 129 116 77 142 244 167  
 184 149 187 190 156 161 179 102 100 110 122 122 132 140 141 145 123 104 141 101 140 243 241 231 221 213 212 209 201 221 216 206 193 206 168 179 197 186 178 174 143 115 149 113 72 113 82 63 113 108 57 27 116 82 51 116 150 154 100 184 150 156 161 56 34 37 98 131 85 112 84 190 29 57 115 94 85 98 152 41  
 200 190 210 216 204 215 224 234 228 231 253 243 259 267 263 217 202 185 227 193 233 156 144 147 128 122 133 144 113 120 120 108 101 122 85 108 126 115 210 213 220 195 85 146 181 45 141 184 201 89 128 120 52 102 137 132 41 253 228 312 173 267 242 79 159 148 109 128 215 246 164 200 116 82 20 43 80 40 285 175  
 134 94 129 126 86 81 100 84 64 44 85 46 68 72 54 250 229 213 237 203 231 363 358 352 339 331 333 332 319 263 256 251 236 238 214 211 221 215 115 104 245 222 269 237 54 189 89 152 32 152 181 152 231 129 93 120 223 29 152 204 272 220 49 160 92 153 224 257 138 129 64 312 121 173 213 199 206 188 153 111  
 144 128 153 158 141 152 162 181 172 172 199 184 201 209 203 213 194 174 217 178 219 215 206 205 188 181 189 195 171 130 126 115 102 117 77 91 111 99 151 152 214 186 130 154 120 25 76 152 136 32 113 90 88 37 76 71 63 188 191 276 189 243 177 45 107 118 120 151 176 201 100 224 65 64 54 51 89 29 241 130  
 202 178 209 214 190 199 212 175 172 180 195 192 204 212 212 156 139 120 163 127 168 176 171 164 151 144 146 147 132 177 175 163 152 170 130 148 168 156 204 204 158 132 82 92 135 68 114 117 167 94 61 54 44 86 95 126 97 215 161 245 127 200 213 29 104 80 58 89 149 181 131 162 66 16 48 26 27 45 220 113  
 132 93 133 134 97 102 120 93 80 77 108 89 107 115 108 201 180 161 194 156 191 290 284 278 265 257 259 260 246 211 204 197 182 190 158 161 176 167 122 116 199 172 196 173 25 120 36 109 54 92 116 85 157 64 20 77 157 101 130 206 210 196 102 86 36 95 154 188 114 125 25 249 48 100 140 125 134 116 162 68  
 76 48 80 84 61 72 82 153 137 127 165 136 158 164 152 253 232 213 250 210 249 296 286 285 268 261 268 274 251 161 154 149 134 137 113 109 120 113 74 74 252 224 208 211 81 100 28 168 70 57 158 126 166 46 60 18 128 119 193 269 249 258 100 102 97 146 184 218 177 188 46 287 84 123 134 129 156 109 224 130  
 ]

demand:[ 1 1 1 1 1 1 1 1 1 1 1 1 1 1 1 1 1 1 1 1 1 1 1 1 1 1 1 1 1 1 1 1 1 1 1 1 1 1 1 1 1 1 1 1 1 1 1 1 1 1 1 1 1 1 1 1 1 1 1 1 1 1 1 1 1 1 1 1 1 1 1 1 1 1 1 1 1 1 1 1  ]

CostIJJ:[ 344 
309 
436 
436 
487 
377 
404 
466 
307 
311 
406 
434 
302 
377 
313 
383 
437 
418 
486 
469 
 ]

CapJ:[ 11 
7 
22 
22 
28 
15 
18 
25 
7 
7 
18 
22 
6 
15 
8 
16 
22 
20 
27 
26 
 ]

Pref:[  6 6 8 17 11 19 4 17 12 14 18 17 15 19 2 20 15 6 13 11 15 3 9 18 8 4 15 18 12 17 12 20 2 1 12 11 19 20 19 4 1 20 16 6 16 13 7 8 13 13 4 20 7 4 16 9 1 13 20 12 17 16 3 6 17 15 5 11 18 10 9 8 5 10 15 4 13 6 15 13  
 7 3 19 15 14 4 19 6 4 12 15 12 8 8 8 9 6 2 17 3 11 4 12 9 9 14 7 3 10 20 2 2 20 6 3 18 6 7 3 6 20 19 11 13 8 10 18 5 19 8 8 12 3 8 20 1 14 14 7 10 15 19 8 14 13 11 12 6 20 14 1 20 3 11 14 2 18 12 7 4  
 1 1 1 1 1 2 9 10 20 6 20 20 16 11 5 1 20 3 4 9 8 14 18 7 16 19 17 16 9 12 9 9 9 9 16 16 20 10 7 7 12 18 10 9 17 2 6 6 16 3 12 7 11 18 19 3 15 6 17 18 4 2 11 7 4 16 8 17 14 1 7 11 19 15 1 8 17 1 14 9  
 17 14 6 11 17 10 10 1 11 4 10 8 6 13 18 5 5 1 20 14 2 11 10 14 6 16 18 5 5 1 7 10 19 11 20 4 13 15 6 1 18 6 9 1 13 17 2 2 8 10 16 16 20 3 2 18 8 10 15 16 20 5 18 5 12 9 1 19 11 8 5 10 6 18 10 11 5 11 2 2  
 19 10 4 16 8 9 18 16 2 5 7 15 3 9 19 3 14 16 15 19 10 19 13 4 3 15 13 4 15 8 8 18 12 17 1 6 18 19 11 16 13 4 5 19 7 15 9 12 2 9 11 4 8 7 3 5 5 20 12 17 12 20 4 8 15 20 9 1 8 15 6 17 2 20 17 1 15 7 1 17  
 13 11 14 20 18 13 20 2 18 15 9 18 1 5 12 14 19 19 7 2 20 5 19 6 17 13 9 2 17 18 11 13 11 19 8 13 5 8 8 15 17 17 8 7 2 20 11 20 1 15 10 15 14 5 18 7 19 5 16 1 18 7 12 9 8 10 17 3 9 2 11 13 11 19 9 15 20 17 12 14  
 8 19 2 9 20 11 6 18 6 17 19 6 17 16 1 16 18 17 14 12 14 6 7 15 1 3 11 10 16 19 13 7 17 5 5 20 10 18 2 20 7 10 4 17 6 3 17 19 3 20 5 14 10 19 9 16 9 9 3 4 5 10 17 1 11 3 7 15 12 7 18 1 9 3 20 14 8 4 3 11  
 3 9 13 8 12 16 11 13 7 1 6 16 14 17 7 13 2 12 11 5 19 16 4 17 13 2 10 6 18 9 16 1 3 20 6 1 12 4 9 12 2 8 14 14 12 4 12 11 10 11 18 13 13 20 6 19 7 17 13 19 11 14 5 11 7 12 4 9 19 5 14 12 8 1 5 13 3 16 6 6  
 12 13 18 4 10 18 16 3 17 19 12 19 9 12 17 15 1 20 6 4 7 18 15 1 14 17 5 17 4 6 1 17 5 4 15 3 17 17 12 19 14 5 7 3 18 6 8 1 4 14 3 6 4 15 7 6 3 12 18 8 8 8 13 12 1 13 6 20 10 17 8 9 12 14 11 20 14 9 20 3  
 15 5 20 5 19 12 17 4 8 13 2 3 13 4 11 4 16 14 18 15 12 13 6 11 19 8 14 9 1 14 5 15 8 18 18 9 11 2 15 8 10 16 20 10 1 16 3 14 6 16 13 19 9 17 12 2 17 4 2 9 19 11 7 20 3 6 20 14 7 13 16 7 10 16 19 12 12 5 5 20  
 9 4 16 6 7 8 5 20 13 10 8 4 12 14 6 12 7 11 10 10 4 17 8 16 12 6 8 11 11 11 20 4 14 7 4 15 3 9 13 13 5 14 13 8 11 14 5 10 14 18 15 8 18 2 1 13 16 1 14 5 1 6 16 13 19 18 11 16 16 11 20 14 14 7 13 5 1 15 18 16  
 16 20 9 13 6 5 14 12 10 9 13 10 4 6 20 19 3 8 2 6 17 8 2 13 5 1 1 15 6 4 18 11 10 15 14 10 4 3 16 11 8 9 15 11 15 9 20 16 18 4 14 3 5 9 13 10 11 18 6 15 13 17 10 19 2 7 14 8 6 20 4 3 20 13 18 10 2 13 8 1  
 10 15 11 12 13 15 12 8 14 3 16 2 7 15 14 17 13 10 5 13 16 12 14 20 4 12 4 12 7 7 14 14 4 14 9 17 9 13 18 14 6 12 2 12 19 7 4 4 12 12 19 11 6 12 4 17 4 16 8 6 10 1 6 18 5 17 18 13 15 18 19 19 1 12 3 7 19 8 13 12  
 18 7 17 2 2 1 1 7 5 20 17 5 20 7 9 10 9 15 12 17 18 10 16 12 11 9 3 8 13 13 3 16 18 10 13 19 14 6 10 5 4 3 12 2 5 12 1 15 11 19 2 2 17 1 10 4 6 19 5 2 9 12 1 15 16 8 10 18 4 9 10 6 18 4 12 3 16 14 9 7  
 14 12 7 3 5 6 15 14 15 16 1 7 2 3 13 11 12 7 19 1 13 7 20 5 2 18 6 19 8 15 6 3 15 16 17 2 16 14 5 17 15 13 1 20 20 1 15 18 5 17 6 17 2 10 11 20 10 7 9 13 2 15 19 16 6 19 15 10 1 16 13 16 13 8 16 19 6 2 10 15  
 11 18 5 19 9 17 2 9 1 7 4 9 18 1 15 6 4 5 8 8 1 20 17 3 18 5 2 13 14 3 19 12 6 3 19 7 2 16 14 10 11 7 17 5 4 11 16 17 17 1 20 18 12 16 8 11 18 8 1 20 16 4 14 2 10 5 3 5 13 6 3 2 7 9 8 9 10 20 16 5  
 2 17 12 7 4 7 8 11 9 18 11 14 5 20 10 2 10 9 16 7 3 9 5 2 20 7 19 7 20 5 15 6 1 2 11 8 15 12 17 9 16 2 19 18 9 5 19 7 9 5 1 10 19 11 14 8 20 3 10 3 3 3 2 17 14 1 13 2 17 12 17 5 15 5 2 16 9 3 11 8  
 20 16 3 18 15 14 7 5 19 8 14 11 11 18 3 7 17 18 9 18 6 15 1 19 7 11 20 14 2 10 17 5 7 12 10 14 8 1 1 3 3 1 18 16 3 18 13 13 20 2 17 9 1 14 5 15 12 2 19 14 6 18 15 10 18 4 19 12 2 4 2 18 17 6 7 17 4 10 4 19  
 5 2 10 10 3 20 3 15 3 11 5 13 19 10 4 8 8 4 3 16 9 2 11 8 15 10 12 1 3 16 4 8 13 8 7 5 1 11 4 18 19 15 3 4 14 8 10 9 15 7 7 5 15 6 15 12 2 11 4 7 14 13 20 3 20 14 2 4 5 19 15 4 16 17 6 18 7 18 19 10  
 4 8 15 14 16 3 13 19 16 2 3 1 10 2 16 18 11 13 1 20 5 1 3 10 10 20 16 20 19 2 10 19 16 13 2 12 7 5 20 2 9 11 6 15 10 19 14 3 7 6 9 1 16 13 17 14 13 15 11 11 7 9 9 4 9 2 16 7 3 3 12 15 4 2 4 6 11 19 17 18  
 ]

