nJ:30 
nI:70 

CostIJ:[  49 16 43 22 41 12 23 163 144 126 168 131 154 157 140 299 277 258 291 253 288 347 346 329 333 334 312 200 190 177 173 160 149 153 20 296 270 269 265 100 77 206 260 61 289 210 178 226 107 106 72 204 184 88 303 161 141 133 192 241 204 205 72 135 190 190 215 170 235 163  
 192 151 189 167 186 143 162 22 8 20 23 23 24 32 38 201 181 169 184 156 177 349 338 329 322 314 309 297 283 269 275 244 247 260 165 195 176 257 204 62 119 107 123 85 242 153 133 224 151 104 158 236 242 84 236 158 179 77 121 201 82 66 96 119 180 199 192 196 89 75  
 326 289 328 310 330 297 316 170 184 205 184 213 207 213 226 16 22 41 8 41 20 251 231 233 216 197 216 338 324 313 330 289 306 326 313 8 29 175 85 197 224 89 102 242 117 102 128 176 220 191 257 224 257 267 85 170 215 161 105 118 107 135 221 168 161 185 143 205 153 132  
 286 251 289 272 291 260 279 144 156 175 161 184 182 189 200 43 22 8 41 8 45 234 216 215 201 184 197 300 286 274 291 251 267 286 274 41 14 151 63 161 184 57 102 206 102 63 88 144 180 152 217 189 220 236 81 131 176 123 65 88 84 118 184 129 123 148 109 167 144 98  
 356 343 366 361 372 367 377 341 342 353 361 365 374 382 385 227 227 220 249 236 260 20 12 28 28 45 45 247 240 240 261 233 256 272 367 234 224 94 165 310 286 261 330 342 126 200 218 133 251 271 286 156 190 391 157 204 215 277 232 152 297 333 305 242 176 168 158 187 367 277  
 322 309 331 326 338 333 343 312 313 322 332 334 345 353 354 213 209 201 233 215 244 28 26 8 20 42 12 217 209 208 229 200 223 240 333 220 206 64 145 279 253 235 309 309 110 173 188 100 216 238 252 122 156 358 145 171 181 246 205 126 272 307 272 210 144 134 128 152 343 248  
 332 316 341 334 347 340 351 309 311 322 329 333 342 350 353 199 197 190 220 205 231 38 20 23 4 22 22 234 226 224 245 214 237 255 341 206 194 63 134 280 258 229 299 312 97 168 186 104 223 241 260 133 170 361 130 174 189 246 200 120 265 301 276 211 146 140 127 160 335 245  
 160 177 172 181 180 204 201 297 284 279 312 288 310 316 305 331 314 295 338 300 342 233 245 224 238 253 215 8 12 23 20 49 45 40 189 333 306 202 263 228 172 278 361 224 260 234 215 172 141 190 136 120 80 271 293 168 126 227 243 226 301 323 196 189 175 151 195 130 362 254  
 141 153 153 160 161 181 180 269 256 251 284 261 282 288 278 307 289 270 313 274 316 228 237 216 229 242 206 34 22 8 20 22 20 28 168 309 281 186 241 200 144 251 333 197 241 209 188 153 113 161 109 102 61 245 272 142 98 198 217 204 273 295 169 161 151 129 173 106 334 226  
 121 135 133 140 141 162 160 260 246 239 274 249 270 277 265 311 293 273 315 276 318 247 255 234 246 258 223 49 40 29 23 30 8 12 148 312 285 200 248 190 133 249 329 183 251 212 189 164 107 154 95 115 75 230 281 144 99 192 216 212 269 289 157 157 156 136 180 112 327 221  
 23 29 14 8 12 34 22 192 173 156 197 160 183 186 168 323 301 282 316 278 314 354 355 337 342 346 321 188 180 168 160 155 140 141 11 320 294 280 285 128 97 231 289 90 306 231 199 238 119 128 79 210 185 114 322 177 151 158 215 259 232 234 97 156 204 201 231 179 264 190  
 185 144 179 157 175 131 149 51 38 24 42 12 20 22 8 232 213 200 215 187 207 374 365 354 349 342 334 305 292 278 282 254 254 266 154 226 207 283 234 75 127 138 149 79 271 182 159 248 163 119 163 255 257 60 267 180 195 100 151 229 113 93 102 140 204 220 218 215 108 104  
 220 180 220 201 221 184 204 63 72 91 82 100 100 108 117 126 105 91 113 79 108 281 268 261 252 241 241 277 262 249 261 223 233 251 202 121 99 189 126 82 122 28 89 126 165 80 70 163 134 91 161 189 207 151 157 111 148 53 48 128 29 57 112 83 123 147 127 154 97 20  
 156 145 166 161 172 171 179 206 197 197 224 209 227 234 228 224 207 187 230 192 234 189 191 172 178 184 156 111 97 85 102 61 80 100 168 226 199 121 160 146 100 172 256 160 165 126 108 80 60 101 88 45 38 212 193 61 25 131 137 124 198 224 124 89 68 49 92 24 264 153  
 224 195 229 216 233 213 228 160 161 173 180 184 193 201 204 122 105 86 129 93 134 180 169 160 153 146 140 211 197 186 204 163 181 201 221 124 97 88 63 134 128 89 172 172 85 28 37 63 108 102 149 100 131 216 100 49 92 97 54 37 124 158 139 71 34 59 25 79 196 96  
 267 225 264 243 263 221 241 60 80 100 63 102 86 89 108 149 134 130 127 114 117 345 330 326 315 301 306 346 332 318 328 292 300 316 242 141 132 255 180 126 179 82 45 161 220 146 141 233 200 153 220 261 278 163 203 183 218 114 117 191 47 18 162 153 195 219 196 226 25 88  
 113 100 122 117 128 126 134 184 172 168 200 179 199 206 197 240 220 200 242 202 243 233 234 216 222 226 200 119 105 91 100 66 72 89 124 240 212 161 184 117 63 171 251 122 197 140 113 119 28 76 43 89 72 173 220 72 32 114 140 152 190 211 89 79 94 83 120 59 249 142  
 256 235 264 255 269 256 269 220 221 231 240 243 253 261 263 146 136 122 161 134 170 120 110 100 94 89 80 200 188 180 201 162 184 204 260 151 130 28 72 190 172 146 224 224 60 82 96 28 141 152 181 80 120 271 94 87 112 155 113 40 181 217 188 122 58 61 37 86 253 156  
 184 149 187 171 190 161 179 102 100 110 122 122 132 140 141 145 123 104 141 101 140 241 231 221 216 209 201 221 206 193 206 168 179 197 174 143 115 149 113 72 82 63 144 113 144 57 27 116 82 51 116 134 150 154 150 56 91 34 37 98 85 112 84 29 73 94 85 98 152 41  
 261 220 260 240 260 221 241 72 89 111 85 117 108 113 128 113 97 90 94 75 85 306 291 286 275 261 267 321 306 293 305 267 278 295 240 107 94 216 140 120 165 45 45 161 180 108 108 197 179 135 205 228 249 175 163 153 191 96 81 152 16 36 153 128 161 186 159 195 64 65  
 330 288 327 306 326 283 303 122 141 160 120 160 141 141 161 156 149 153 132 138 120 379 362 361 347 330 342 405 390 377 388 351 361 377 304 148 151 294 209 190 242 128 45 224 247 189 193 279 261 215 283 312 334 220 222 238 276 176 165 229 99 81 225 211 245 270 241 280 52 146  
 328 288 328 308 328 290 310 138 157 178 147 183 170 174 192 84 81 90 61 77 49 315 296 297 282 263 279 372 358 345 360 320 334 352 309 76 84 234 145 188 230 92 43 230 181 139 154 226 238 199 268 267 295 243 152 200 243 161 125 171 84 95 220 185 200 226 190 241 97 129  
 134 94 129 107 126 81 100 84 64 44 85 46 68 72 54 250 229 213 237 203 231 358 352 339 336 332 319 263 251 236 238 214 211 221 104 245 222 269 237 54 89 152 186 32 270 181 152 231 129 93 120 228 223 29 272 160 164 92 153 224 138 129 64 121 187 199 206 188 153 111  
 102 70 93 74 88 46 60 133 113 92 132 92 113 115 95 294 273 256 283 248 277 380 376 361 362 360 342 253 243 229 226 210 202 207 68 290 266 295 274 91 101 197 235 48 304 218 187 254 140 119 116 242 228 36 311 184 177 131 193 257 186 178 82 150 213 219 235 204 200 154  
 291 265 297 286 302 283 298 217 223 237 237 248 253 261 267 105 99 90 123 105 133 137 119 118 104 88 100 249 236 228 248 209 230 250 290 111 95 60 34 203 198 132 199 242 14 77 104 76 174 173 215 128 168 285 46 115 151 165 109 34 168 204 210 142 89 103 63 128 237 156  
 361 333 367 354 371 349 365 258 268 285 276 295 295 302 312 92 102 108 116 123 128 164 141 151 131 108 140 320 308 301 321 282 304 324 358 100 104 122 77 260 265 168 209 303 61 133 165 148 245 237 286 200 241 341 40 186 224 221 159 104 199 233 273 206 162 177 135 202 257 203  
 197 171 203 191 207 190 204 158 156 164 178 176 188 196 196 149 131 112 154 117 158 186 179 166 163 159 147 186 172 161 178 137 154 174 196 151 123 96 91 120 105 102 187 154 109 51 38 60 80 82 122 82 108 201 128 22 64 88 65 61 133 165 119 52 16 40 34 54 204 96  
 195 181 204 199 211 206 215 215 210 214 234 226 241 249 246 200 184 166 209 174 215 152 152 134 139 144 118 134 121 112 132 93 115 134 205 203 177 81 130 164 128 164 249 187 129 109 100 42 90 120 124 20 53 238 160 59 54 141 128 93 195 226 150 98 48 23 63 25 265 156  
 132 93 133 115 134 102 120 93 80 77 108 89 107 115 108 201 180 161 194 156 191 284 278 265 263 260 246 211 197 182 190 158 161 176 116 199 172 196 173 25 36 109 174 54 202 116 85 157 64 20 77 156 157 101 210 86 95 36 95 154 114 125 25 48 114 125 134 116 162 68  
 76 48 80 68 84 72 82 153 137 127 165 136 158 164 152 253 232 213 250 210 249 286 285 268 272 274 251 161 149 134 137 113 109 120 74 252 224 208 211 81 28 168 237 70 232 158 126 166 46 60 18 144 128 119 249 102 80 97 146 184 177 188 46 84 130 129 156 109 224 130  
 ]

demand:[ 1 1 1 1 1 1 1 1 1 1 1 1 1 1 1 1 1 1 1 1 1 1 1 1 1 1 1 1 1 1 1 1 1 1 1 1 1 1 1 1 1 1 1 1 1 1 1 1 1 1 1 1 1 1 1 1 1 1 1 1 1 1 1 1 1 1 1 1 1 1  ]

CostIJJ:[ 344 
309 
436 
436 
487 
377 
404 
466 
307 
311 
406 
434 
302 
377 
313 
383 
437 
418 
486 
469 
405 
318 
431 
383 
440 
482 
452 
452 
309 
447 
 ]

CapJ:[ 11 
7 
21 
21 
27 
15 
18 
25 
7 
7 
18 
21 
6 
15 
8 
15 
22 
19 
27 
25 
18 
8 
21 
15 
22 
27 
23 
12 
7 
23 
 ]

Pref:[  7 28 28 28 1 4 20 10 20 22 23 3 2 24 6 26 11 20 11 12 18 21 20 12 22 29 13 26 29 25 1 5 1 19 5 17 4 11 6 28 14 8 26 27 6 24 7 21 15 15 7 12 24 14 8 21 9 6 30 21 5 24 3 26 26 22 10 29 2 4  
 9 25 23 8 9 20 18 17 8 28 7 21 9 10 8 22 15 11 19 18 16 18 4 24 23 22 19 4 7 12 18 12 8 5 10 19 6 23 24 6 26 24 30 1 24 26 10 24 7 28 13 15 8 28 11 6 13 14 25 7 16 27 16 17 6 11 30 6 29 19  
 18 30 10 3 3 6 21 6 23 2 1 5 25 8 29 19 20 17 15 8 27 28 11 14 12 24 24 19 9 20 21 10 2 21 27 16 26 5 16 16 10 30 10 25 4 27 2 26 24 5 16 30 6 22 6 10 6 12 15 25 1 7 19 23 24 29 15 30 17 14  
 24 19 30 6 6 16 25 21 3 9 11 25 30 11 20 10 5 25 3 9 30 19 6 15 15 25 2 9 5 17 6 22 12 25 8 25 17 7 17 25 20 1 9 16 19 3 16 7 26 22 29 23 13 12 18 15 7 27 3 1 8 19 14 30 23 21 28 15 15 22  
 27 6 4 17 7 14 15 18 24 25 4 13 7 27 4 8 22 24 23 10 7 25 12 29 16 23 5 28 3 24 17 6 17 3 16 30 13 12 15 3 27 20 7 29 30 21 29 13 14 13 9 3 15 21 26 28 4 10 21 28 20 8 24 7 16 15 7 12 21 13  
 21 2 19 10 13 2 22 2 2 3 10 12 15 6 30 28 21 8 27 21 19 29 22 20 11 17 23 3 10 23 9 1 3 27 24 29 19 28 11 15 28 3 1 14 16 16 12 12 19 9 5 25 17 6 10 27 2 22 29 4 24 26 8 22 25 14 22 5 30 10  
 4 24 18 12 27 8 12 5 19 11 15 7 24 9 11 1 16 18 1 17 4 6 9 18 14 18 12 6 16 19 20 30 19 7 21 6 10 22 21 26 30 29 18 19 11 23 21 1 16 12 21 18 9 29 22 25 3 21 18 18 21 12 26 20 19 4 21 17 11 26  
 13 23 6 29 5 30 9 12 1 5 29 14 14 26 17 29 10 26 9 24 23 4 10 1 29 4 4 17 28 26 16 21 30 18 25 14 9 17 22 12 21 2 8 18 25 5 27 2 23 19 6 17 11 13 24 8 22 26 12 29 9 28 13 5 27 9 12 28 24 21  
 20 29 2 27 24 1 2 3 4 6 21 10 5 22 3 3 1 10 30 29 28 20 1 4 4 1 10 23 17 2 25 29 24 9 7 18 18 2 25 8 25 19 5 30 26 9 24 22 29 2 2 28 28 1 28 1 10 4 6 14 27 13 22 28 1 26 2 24 10 17  
 15 8 7 19 14 15 5 30 22 12 30 1 19 1 7 7 18 7 2 4 6 10 21 17 21 19 7 18 26 14 22 25 28 12 17 24 23 13 5 22 24 28 15 22 28 7 11 30 20 17 10 10 18 15 2 24 30 8 1 22 3 15 1 18 12 27 25 22 13 3  
 6 15 13 4 15 29 1 13 7 16 24 20 3 16 21 2 14 27 5 22 13 24 16 8 19 11 30 5 24 27 15 17 9 1 14 22 5 4 2 30 4 16 2 26 14 1 9 10 9 20 17 6 2 27 3 22 24 30 2 24 18 30 2 9 18 2 3 23 25 28  
 11 3 17 9 12 25 27 26 5 10 26 22 18 29 1 30 30 16 13 11 25 3 26 25 8 27 17 12 23 21 30 9 5 17 1 5 29 24 30 11 5 7 20 10 20 11 23 9 21 27 1 21 23 7 20 13 17 13 4 2 7 9 28 29 4 24 26 20 4 1  
 3 12 25 15 10 26 26 28 13 8 14 9 16 7 22 25 9 21 26 15 24 23 7 5 7 8 9 1 18 16 13 11 10 8 2 20 16 15 4 10 16 5 25 20 2 12 26 3 12 21 22 26 19 2 7 9 1 28 20 12 17 3 30 10 8 5 6 16 12 24  
 19 1 1 18 18 17 6 15 25 17 6 24 23 15 23 27 7 14 25 1 10 5 3 7 1 28 28 25 19 13 10 2 26 10 4 4 1 27 1 20 29 14 11 7 15 6 6 8 30 1 27 8 26 26 1 26 14 25 13 19 4 6 11 6 14 7 19 3 18 18  
 25 20 8 30 17 11 23 8 26 7 19 16 22 19 27 17 17 19 8 19 1 30 18 22 6 2 22 29 15 5 12 8 22 23 23 23 27 8 7 19 6 15 27 23 13 2 18 27 2 4 24 16 14 24 17 5 25 15 17 8 15 25 25 8 29 18 1 4 8 25  
 22 14 12 2 4 23 11 27 9 26 27 19 12 18 28 11 29 2 6 30 20 9 14 6 5 14 14 11 13 9 2 18 4 6 29 27 7 14 20 7 11 27 12 8 27 4 8 17 5 11 12 9 1 10 19 2 20 5 22 13 2 10 18 11 28 1 8 21 1 9  
 12 26 16 25 2 12 4 20 18 1 13 8 13 2 15 9 28 9 29 27 21 26 13 13 2 6 1 15 12 3 27 19 29 26 13 3 2 21 8 23 17 4 6 28 10 30 17 18 11 14 26 22 7 18 4 14 15 3 23 27 19 21 15 16 11 23 23 13 3 2  
 16 13 9 16 20 28 24 9 27 30 12 6 29 4 13 12 25 12 18 25 12 1 30 28 28 7 26 21 22 10 4 16 15 16 30 26 20 19 10 4 9 17 24 12 17 28 4 28 18 30 20 20 21 23 25 11 5 11 24 10 28 17 5 27 2 8 24 18 27 11  
 14 18 24 13 8 19 8 22 15 24 17 4 8 5 19 18 26 6 20 5 14 16 25 16 24 12 16 27 4 30 14 4 23 2 19 9 22 25 12 13 2 25 21 11 18 8 28 15 17 3 23 11 27 25 13 4 26 19 9 3 6 14 12 24 7 10 29 7 5 29  
 10 7 27 20 26 22 19 23 16 13 22 18 11 20 25 13 2 3 21 3 3 7 2 2 17 30 15 22 25 29 26 23 11 13 3 1 28 16 9 24 12 11 19 15 3 14 25 20 13 16 18 7 25 5 29 29 12 20 8 23 23 2 10 13 5 13 20 26 20 6  
 30 4 21 7 11 5 14 4 14 18 2 2 17 21 9 6 24 23 12 28 15 17 5 3 18 3 25 7 30 22 28 3 16 30 28 15 21 6 27 17 7 13 23 5 9 18 20 11 4 18 28 2 20 16 12 17 19 1 28 11 10 29 27 4 17 6 16 14 22 16  
 28 10 11 14 16 7 13 7 28 29 20 26 10 3 24 16 13 13 4 14 26 14 15 10 25 20 18 16 8 6 24 13 6 11 9 21 8 26 28 9 23 18 14 17 21 13 30 16 27 6 4 27 22 8 27 18 8 9 26 17 26 20 6 14 9 12 13 27 6 30  
 17 5 5 22 23 13 10 19 11 19 3 23 1 12 14 14 27 22 16 2 17 13 27 23 9 5 6 8 20 7 11 26 7 24 22 10 25 1 18 1 1 21 17 21 29 29 1 19 6 24 14 4 29 20 15 3 27 29 10 26 12 22 23 12 22 16 9 25 9 20  
 5 11 3 21 29 10 17 29 10 14 5 30 28 23 12 20 3 1 24 7 29 12 29 26 27 16 3 30 14 15 19 24 20 29 20 12 24 20 23 18 15 6 13 13 8 17 5 23 10 25 8 5 10 17 21 16 21 23 16 9 30 23 20 1 21 30 5 11 7 5  
 2 9 15 1 22 9 16 25 30 20 18 29 20 13 5 23 6 15 28 23 9 8 8 21 30 26 8 2 1 11 23 27 13 4 26 13 3 18 19 2 3 10 29 6 7 10 15 6 28 10 15 13 3 11 23 30 11 18 5 5 25 18 17 21 30 28 14 1 23 12  
 26 16 20 24 19 24 3 24 6 15 9 15 27 17 18 5 19 4 10 16 11 2 17 27 20 13 20 14 2 18 29 28 27 22 18 11 14 3 3 29 8 12 16 9 22 15 22 29 3 23 11 24 30 9 9 7 28 24 27 20 13 1 9 15 15 3 17 2 19 7  
 23 17 14 11 28 18 30 16 12 23 16 17 4 14 2 24 23 29 7 20 2 27 23 19 26 21 21 10 21 1 7 7 21 28 12 8 30 9 29 27 13 9 28 24 5 25 19 5 22 29 19 14 4 3 16 12 16 16 11 16 11 11 7 19 20 20 18 9 28 27  
 8 22 22 5 30 3 28 14 21 27 28 28 21 25 16 4 12 30 22 13 5 11 28 11 13 9 27 24 27 8 3 14 18 15 6 7 12 30 26 14 18 23 3 4 23 22 14 4 25 26 25 19 12 4 5 19 23 7 19 30 22 5 29 2 10 17 11 8 14 8  
 1 27 26 23 21 21 29 11 29 4 25 27 6 30 26 15 4 5 17 6 22 22 24 30 10 10 29 13 11 4 5 20 25 20 15 2 15 10 14 21 19 22 4 2 1 19 3 25 8 7 30 1 16 19 14 20 18 17 7 15 14 4 4 3 13 19 27 19 16 15  
 29 21 29 26 25 27 7 1 17 21 8 11 26 28 10 21 8 28 14 26 8 15 19 9 3 15 11 20 6 28 8 15 14 14 11 28 11 29 13 5 22 26 22 3 12 20 13 14 1 8 3 29 5 30 30 23 29 2 14 6 29 16 21 25 3 25 4 10 26 23  
 ]

