nJ:10 
nI:90 

CostIJ:[  12 14 8 12 9 11 16 18 29 28 96 85 105 111 100 112 118 87 80 85 76 99 86 99 92 114 102 184 170 164 198 174 195 202 192 155 147 148 137 157 159 140 162 143 158 167 148 252 212 252 212 253 213 254 155 116 154 115 134 114 152 133 261 250 158 251 139 17 233 226 236 243 217 142 131 119 109 106 97 93 89 79 121 114 108 93 99 70 71 86  
 111 108 104 107 91 98 87 82 82 74 28 22 22 20 22 28 20 126 119 116 105 122 102 113 101 120 100 184 165 148 190 152 175 179 161 209 201 199 187 206 204 184 203 183 193 201 181 315 274 310 272 309 270 306 233 200 229 195 210 193 224 206 361 350 240 351 223 117 333 326 334 341 316 242 231 219 208 206 197 193 189 179 189 181 180 168 161 153 140 141  
 102 108 88 86 91 82 82 89 69 79 132 93 133 134 96 100 119 22 20 12 17 8 12 8 14 22 23 91 77 74 105 85 104 111 104 97 89 86 75 92 90 71 89 69 80 88 68 203 163 197 160 195 157 192 133 111 127 104 111 100 119 105 294 288 142 282 131 95 269 261 263 263 249 200 188 182 175 160 163 154 141 144 214 207 200 186 192 161 164 178  
 186 191 171 169 173 165 164 170 150 158 192 151 189 186 146 143 162 97 100 93 100 79 91 77 85 62 77 22 8 20 23 23 24 32 38 115 113 105 102 104 97 90 89 82 79 79 71 201 169 190 162 184 156 177 173 168 165 160 157 156 153 149 350 349 184 338 181 179 329 321 319 314 309 275 263 258 253 236 242 231 216 223 297 290 283 269 275 244 247 260  
 156 163 144 140 153 142 148 155 137 149 213 175 214 216 179 182 201 72 80 80 92 75 94 85 96 82 100 81 86 102 101 113 116 124 131 22 20 12 17 11 8 12 11 14 16 22 23 122 83 115 79 113 75 110 80 86 72 79 69 75 61 61 260 260 92 248 93 145 240 232 228 222 220 202 192 191 189 168 179 168 151 164 259 254 244 231 244 205 216 234  
 232 240 224 220 236 224 233 241 226 238 308 272 310 313 277 282 300 167 175 177 189 174 192 184 195 183 200 162 175 195 179 204 200 206 219 85 92 95 106 89 93 111 98 115 109 105 121 22 20 22 22 26 26 34 86 124 84 122 102 122 81 101 227 234 91 215 109 220 216 209 197 182 199 223 216 222 225 202 220 210 194 213 316 314 302 291 309 268 285 304  
 134 141 128 124 142 130 140 148 138 149 224 195 229 233 205 213 228 100 105 111 119 117 128 128 134 134 144 160 161 173 180 184 193 201 204 63 61 69 68 75 82 80 90 88 97 102 100 122 86 126 89 129 93 134 20 20 22 22 12 23 28 20 181 180 23 169 12 122 160 152 149 146 140 128 119 122 123 100 117 106 89 108 211 209 197 186 204 163 181 201  
 230 235 234 231 247 240 251 256 256 263 335 320 344 350 333 343 354 245 248 256 260 264 271 274 279 284 290 313 315 326 333 337 346 354 357 212 212 220 221 224 232 233 240 241 248 252 253 202 194 216 201 224 209 234 152 157 160 165 165 169 172 173 28 34 140 16 141 222 22 20 4 23 23 113 119 133 144 136 151 150 150 164 235 238 227 225 247 216 240 257  
 99 103 106 104 118 113 123 127 132 136 203 193 213 220 208 219 227 145 144 152 152 165 164 172 172 185 184 238 232 235 257 247 263 271 267 159 154 161 154 169 175 165 182 172 185 192 182 219 187 225 191 229 195 235 119 88 123 94 110 97 131 116 153 141 113 144 95 93 125 119 131 142 110 36 24 20 22 4 20 17 24 31 120 120 108 101 122 86 109 128  
 77 72 91 94 91 98 100 97 115 109 141 153 153 161 169 181 180 170 164 170 162 184 172 186 179 200 189 269 256 251 284 261 282 288 278 224 216 220 210 229 233 216 237 221 235 244 228 307 270 310 272 313 274 316 204 165 206 167 187 168 209 190 244 228 202 237 182 85 216 212 227 242 206 117 111 97 86 102 82 89 100 80 34 28 22 8 20 22 20 28  
 ]

demand:[ 1 1 1 1 1 1 1 1 1 1 1 1 1 1 1 1 1 1 1 1 1 1 1 1 1 1 1 1 1 1 1 1 1 1 1 1 1 1 1 1 1 1 1 1 1 1 1 1 1 1 1 1 1 1 1 1 1 1 1 1 1 1 1 1 1 1 1 1 1 1 1 1 1 1 1 1 1 1 1 1 1 1 1 1 1 1 1 1 1 1  ]

CostIJJ:[ 344 
309 
436 
436 
487 
377 
404 
466 
307 
311 
 ]

CapJ:[ 11 
7 
22 
22 
28 
15 
18 
25 
7 
7 
 ]

Pref:[  3 7 5 1 10 7 8 10 4 5 6 9 4 5 3 6 2 7 6 10 4 2 8 10 6 8 6 7 7 1 10 3 7 7 5 10 3 5 5 5 3 1 6 4 8 7 9 7 8 3 1 9 6 4 6 4 2 9 5 5 1 2 7 2 3 2 4 9 2 10 1 4 6 6 10 5 9 7 5 7 4 10 1 4 7 8 10 1 2 8  
 1 1 1 3 1 2 2 4 3 1 1 1 5 10 4 4 3 3 2 1 6 6 10 4 10 9 4 1 6 5 8 2 8 10 6 2 7 1 8 2 9 8 10 10 5 6 4 6 1 6 3 6 2 7 4 8 8 10 9 8 7 1 5 4 9 4 9 1 1 1 5 1 8 2 5 9 1 1 3 10 5 5 8 8 5 5 9 3 5 1  
 5 10 9 6 8 10 5 2 1 10 5 7 7 9 6 7 7 2 7 2 5 3 1 9 7 6 10 5 2 6 7 4 4 4 8 3 8 4 1 9 1 5 8 8 2 8 10 4 2 10 10 3 8 5 2 2 10 2 10 7 2 10 9 6 5 7 1 5 6 7 2 5 10 3 3 10 3 10 6 6 10 6 2 3 8 1 3 5 9 6  
 10 6 10 10 5 4 4 8 8 8 10 5 8 8 9 2 1 4 5 5 3 4 4 2 3 1 5 9 1 7 9 9 2 9 10 9 9 9 7 3 5 7 4 6 3 3 8 9 10 7 2 5 5 8 3 6 5 7 1 2 9 5 6 10 10 9 7 3 5 9 4 10 7 4 8 8 5 3 10 4 9 7 3 2 6 10 1 6 6 10  
 9 4 2 4 6 5 10 3 10 9 4 6 1 4 1 3 4 6 1 7 9 8 7 3 5 2 3 4 3 2 4 5 6 3 2 6 4 8 10 10 10 10 9 5 1 9 2 5 5 8 9 10 1 9 7 1 4 4 7 1 6 4 10 8 8 1 3 4 9 5 7 8 3 5 4 4 2 5 9 1 3 1 4 10 1 3 6 10 3 7  
 7 8 8 9 4 9 7 6 6 7 9 3 6 3 8 9 8 10 10 4 2 7 5 6 1 4 9 3 4 4 3 10 3 2 7 1 10 10 9 6 6 4 2 7 7 5 1 2 9 4 7 4 10 10 8 9 1 6 3 4 8 9 8 3 6 8 6 10 3 4 10 7 2 8 7 3 6 9 2 9 1 3 9 6 9 6 5 9 4 9  
 8 9 7 2 3 6 3 7 9 6 8 10 2 2 2 1 6 5 4 8 7 9 9 8 4 3 2 6 8 10 1 1 5 5 9 4 5 2 6 1 4 2 7 2 10 2 6 1 7 9 8 7 3 3 1 3 6 8 4 6 4 8 2 9 7 6 2 8 7 8 8 3 5 9 1 2 8 6 8 8 2 2 7 1 3 2 8 8 8 3  
 2 2 3 8 9 3 6 9 7 3 3 8 10 1 5 10 10 9 8 9 8 10 6 5 9 5 1 8 9 8 5 7 9 8 3 8 1 6 2 4 7 6 1 9 6 1 5 8 6 2 6 1 7 2 5 10 9 1 6 9 5 3 1 1 4 10 8 2 10 3 6 6 4 10 2 6 10 4 4 3 6 9 6 7 4 9 2 7 1 5  
 4 3 6 5 2 8 9 5 5 4 7 2 3 6 10 8 5 1 3 3 1 5 3 1 2 10 8 10 10 9 6 6 10 6 4 5 6 3 3 7 2 9 3 3 4 4 3 10 4 5 5 8 4 6 9 5 3 5 2 3 3 7 3 5 2 3 10 7 4 6 3 9 1 7 9 1 4 8 1 2 8 8 5 9 2 7 7 2 7 2  
 6 5 4 7 7 1 1 1 2 2 2 4 9 7 7 5 9 8 9 6 10 1 2 7 8 7 7 2 5 3 2 8 1 1 1 7 2 7 4 8 8 3 5 1 9 10 7 3 3 1 4 2 9 1 10 7 7 3 8 10 10 6 4 7 1 5 5 6 8 2 9 2 9 1 6 7 7 2 7 5 7 4 10 5 10 4 4 4 10 4  
 ]

