nJ:20 
nI:80 

CostIJ:[  14 20 8 4 14 8 23 28 30 102 88 104 116 114 122 80 79 71 93 88 81 88 109 98 178 165 160 193 170 191 188 147 139 129 149 152 144 133 155 136 159 141 244 224 204 245 205 246 128 109 146 126 106 144 125 256 246 151 246 132 13 229 231 238 212 139 116 107 106 102 95 84 76 126 112 98 105 73 76 92  
 28 29 16 20 9 11 8 14 13 86 70 87 99 96 104 79 75 66 89 82 74 79 102 89 173 158 151 187 161 182 178 152 144 134 154 155 148 136 157 138 161 142 253 233 213 252 212 252 140 122 157 137 118 155 135 274 263 163 264 145 30 246 248 255 230 157 134 124 123 120 113 102 94 134 122 107 111 85 83 96  
 114 110 105 113 96 105 88 92 82 12 40 22 8 49 34 144 134 122 141 133 121 120 140 120 206 186 170 211 174 197 183 226 218 205 224 222 214 203 221 201 220 200 332 310 291 326 287 324 229 212 243 224 206 238 220 366 354 253 356 235 122 338 341 348 322 244 220 209 213 210 199 194 182 180 172 161 152 149 134 132  
 112 110 100 104 91 95 82 77 72 49 16 22 41 12 23 111 100 89 104 96 85 82 100 80 163 144 126 168 131 154 140 192 185 171 189 186 179 167 184 165 182 162 299 277 258 291 253 288 205 190 216 198 182 210 193 357 347 228 346 213 115 329 330 334 312 242 219 209 208 204 197 186 178 200 190 177 173 160 149 153  
 88 94 80 71 79 69 79 59 71 134 97 119 138 110 127 8 8 14 22 20 23 30 41 42 105 93 92 121 104 122 123 90 82 69 88 88 80 68 88 68 90 71 196 175 156 191 151 189 105 93 114 96 83 107 91 274 269 127 263 114 79 249 244 245 230 180 162 155 144 141 144 121 124 198 184 170 178 145 150 166  
 109 114 99 92 96 88 94 74 83 132 92 113 133 97 116 29 20 23 11 8 14 12 14 17 86 71 66 99 77 97 96 100 93 79 95 92 85 74 90 71 88 68 206 184 166 197 160 194 128 118 133 118 107 124 111 301 296 149 290 138 102 276 271 270 257 208 190 183 172 168 171 148 151 220 206 192 198 168 170 184  
 186 191 176 169 173 165 170 150 158 192 151 167 186 143 162 97 93 100 79 83 91 85 62 77 22 8 20 23 23 24 38 115 113 102 104 97 94 90 89 82 79 71 201 181 169 184 156 177 169 168 165 157 156 153 149 350 349 184 338 181 179 329 319 314 309 275 258 253 240 236 242 216 223 297 283 269 275 244 247 260  
 212 216 202 196 198 191 194 174 182 206 165 179 197 152 171 126 122 127 108 111 117 110 89 100 45 40 38 28 28 8 20 146 144 134 134 126 124 122 119 114 108 102 225 206 196 207 182 198 201 200 196 189 188 184 181 382 381 216 370 213 206 361 350 345 341 306 289 284 271 267 272 247 253 323 310 295 300 271 272 284  
 152 159 148 137 151 139 153 136 148 214 178 199 218 186 205 73 82 94 79 86 97 100 89 106 93 97 113 113 123 128 142 11 8 12 9 14 12 17 22 23 33 34 117 95 77 110 71 108 69 75 61 57 64 49 49 248 248 80 236 81 140 228 216 210 208 192 181 179 161 158 170 142 156 252 237 224 238 199 211 230  
 163 170 158 147 158 147 159 141 152 212 173 193 213 178 197 74 80 92 72 80 92 93 76 95 65 72 89 85 99 101 116 37 36 30 25 18 16 20 11 14 9 13 130 109 93 118 83 114 97 101 88 85 90 76 77 276 276 108 264 109 152 256 244 238 236 217 204 202 185 181 192 164 176 268 254 240 252 214 224 242  
 253 261 252 240 256 244 260 245 257 326 289 310 330 297 316 184 194 206 190 197 209 211 197 215 170 184 205 184 213 207 226 102 110 123 105 108 115 126 111 129 117 134 16 22 41 8 41 20 126 146 105 123 143 102 122 242 251 113 231 131 241 233 213 197 216 244 244 247 225 224 242 215 234 338 324 313 330 289 306 326  
 213 221 212 200 216 204 220 205 217 286 251 272 291 260 279 146 156 167 152 160 171 174 161 179 144 156 175 161 184 182 200 63 71 85 68 72 79 89 77 93 85 100 43 22 8 41 8 45 89 108 68 85 104 63 82 228 234 79 216 95 201 215 197 184 197 213 210 212 191 189 206 179 197 300 286 274 291 251 267 286  
 153 161 155 144 161 149 167 156 167 242 212 233 251 228 244 113 124 133 128 133 141 147 144 156 161 165 178 181 190 196 209 60 61 71 72 80 80 82 88 90 100 102 103 86 68 111 77 117 20 40 8 23 42 20 28 180 181 12 168 23 141 161 148 141 141 141 138 140 119 117 134 108 126 230 216 206 224 183 201 221  
 113 121 115 103 120 109 126 116 127 202 174 195 212 192 207 82 93 100 100 104 110 117 119 127 153 152 161 173 173 184 193 66 61 63 75 82 79 75 89 82 100 94 141 122 103 146 108 149 22 8 40 20 4 42 23 192 189 45 180 28 101 169 161 160 149 124 114 113 94 91 105 77 93 195 181 170 186 146 162 182  
 230 235 239 231 247 240 256 256 263 335 320 338 350 343 354 245 256 260 264 267 271 279 284 290 313 315 326 333 337 346 357 212 212 221 224 232 232 233 240 241 252 253 202 201 194 224 209 234 153 157 160 165 169 172 173 28 34 140 16 141 222 22 4 23 23 113 133 144 133 136 151 150 164 235 227 225 247 216 240 257  
 217 222 226 220 235 229 244 246 252 322 309 326 338 333 343 240 249 253 259 261 264 272 279 284 312 313 322 332 334 345 354 213 212 220 225 233 232 232 241 240 253 252 213 209 201 233 215 244 152 153 161 164 165 173 172 34 28 141 26 140 210 8 20 42 12 95 117 128 119 122 136 138 150 217 209 208 229 200 223 240  
 120 124 131 126 140 135 149 154 158 223 215 231 240 242 249 169 176 176 189 188 188 196 209 208 261 255 259 280 271 286 291 179 174 175 189 196 192 186 202 193 213 204 229 216 200 242 210 249 119 107 139 128 117 147 134 136 122 126 128 110 115 108 117 131 95 12 14 26 24 28 34 48 52 122 112 108 129 98 121 138  
 82 87 93 89 102 97 111 116 120 186 178 193 203 204 211 136 142 141 155 154 152 160 175 172 231 224 226 250 238 254 257 158 153 151 167 173 168 161 179 168 189 178 225 210 191 234 199 240 106 89 127 112 96 133 117 170 158 119 161 100 77 142 148 159 127 49 28 22 17 14 11 17 14 109 96 88 109 71 94 113  
 105 100 114 122 119 126 124 142 136 160 177 181 180 204 201 198 198 191 213 207 200 206 228 216 297 284 279 312 288 310 305 251 244 237 257 261 254 244 265 249 272 256 331 314 295 338 300 342 209 190 230 213 194 234 215 251 233 225 245 206 113 224 237 253 215 126 110 101 120 120 100 122 102 8 12 23 20 49 45 40  
 77 72 87 94 91 98 97 115 109 141 153 160 161 181 180 170 170 162 184 179 172 179 200 189 269 256 251 284 261 282 278 224 216 210 229 233 226 216 237 221 244 228 307 289 270 313 274 316 184 165 206 187 168 209 190 244 228 202 237 182 85 216 227 242 206 117 97 86 103 102 82 100 80 34 22 8 20 22 20 28  
 ]

demand:[ 1 1 1 1 1 1 1 1 1 1 1 1 1 1 1 1 1 1 1 1 1 1 1 1 1 1 1 1 1 1 1 1 1 1 1 1 1 1 1 1 1 1 1 1 1 1 1 1 1 1 1 1 1 1 1 1 1 1 1 1 1 1 1 1 1 1 1 1 1 1 1 1 1 1 1 1 1 1 1 1  ]

CostIJJ:[ 344 
309 
436 
436 
487 
377 
404 
466 
307 
311 
406 
434 
302 
377 
313 
383 
437 
418 
486 
469 
 ]

CapJ:[ 11 
7 
21 
21 
27 
15 
18 
25 
7 
7 
18 
21 
6 
15 
8 
15 
21 
19 
27 
25 
 ]

Pref:[  2 3 3 18 3 11 19 10 14 5 13 14 10 11 13 5 1 5 2 6 4 4 7 8 5 2 5 3 19 17 13 7 20 18 6 19 20 17 9 13 2 13 11 2 14 11 3 7 6 15 9 4 3 20 13 17 18 14 8 10 6 19 1 14 9 2 5 13 8 9 4 20 18 4 16 3 4 13 11 20  
 3 10 8 5 9 16 10 14 5 6 5 4 5 1 4 16 18 10 7 3 13 1 8 10 9 7 1 9 4 1 15 18 8 5 4 11 14 20 18 11 4 15 18 9 6 12 1 15 3 13 5 10 6 16 11 3 20 4 9 2 1 6 18 2 13 8 6 15 2 15 9 17 6 12 11 17 8 8 19 2  
 15 15 18 11 17 1 1 4 17 1 10 15 20 5 15 19 17 3 16 11 2 17 17 11 7 4 2 17 12 3 5 10 1 15 8 1 12 2 15 17 17 17 14 3 15 18 4 12 11 4 11 8 5 12 10 14 5 8 19 6 18 2 15 4 20 15 11 19 3 10 5 6 4 10 20 5 6 5 16 19  
 17 8 10 14 19 5 15 20 6 10 16 16 16 12 8 11 7 7 19 9 9 16 20 18 15 1 7 6 3 13 7 5 6 14 3 17 9 8 8 6 9 8 9 10 5 6 15 9 18 19 18 3 17 6 2 5 4 1 10 9 11 15 3 17 8 12 18 2 5 3 14 5 12 6 14 6 17 15 3 5  
 8 18 4 9 7 14 13 13 3 8 4 1 8 2 3 6 20 17 18 10 12 2 13 7 17 20 19 12 18 12 10 9 3 11 17 12 1 5 17 16 20 18 2 6 9 10 16 3 14 1 8 6 12 3 6 1 12 11 14 15 15 11 12 1 3 19 12 8 4 14 3 18 3 5 13 14 9 7 2 4  
 7 14 17 4 5 17 7 18 12 15 8 9 2 14 18 9 8 12 5 1 7 12 10 3 13 17 12 8 15 20 18 8 10 13 13 5 8 15 20 2 14 5 6 18 13 3 18 17 7 5 19 19 7 15 14 16 2 6 7 16 7 18 10 6 19 5 9 9 15 16 12 3 20 2 9 15 11 19 1 18  
 16 13 9 6 11 20 12 7 16 17 6 8 12 15 20 13 12 16 15 20 17 7 16 20 2 6 18 2 13 10 2 11 2 2 15 16 7 18 3 18 18 20 12 8 18 1 14 5 13 17 6 13 16 10 4 13 9 12 17 3 16 1 11 15 7 16 3 20 6 8 19 4 11 11 5 11 18 1 8 17  
 18 5 2 1 16 10 9 11 18 14 7 17 14 18 5 2 15 20 4 16 11 3 9 2 4 9 15 1 17 5 3 20 9 17 20 14 3 3 16 9 1 9 15 5 17 16 6 11 8 6 13 9 15 17 9 6 10 9 13 13 9 13 8 20 18 4 19 1 7 19 8 12 19 1 1 13 10 18 17 7  
 10 7 13 2 10 18 11 17 9 16 20 18 17 16 17 17 19 13 9 15 10 5 2 15 20 5 20 19 20 11 14 12 5 3 14 6 17 4 11 12 8 14 20 17 7 17 17 10 4 2 10 5 18 8 20 15 3 13 3 11 17 3 19 8 2 10 4 14 18 1 7 2 14 14 10 16 14 9 18 10  
 19 6 5 7 8 13 17 19 8 9 11 12 19 19 16 18 6 11 12 13 20 11 3 17 14 16 11 11 8 4 4 19 18 12 2 9 15 12 13 3 19 16 13 11 8 8 2 18 9 12 4 20 20 18 7 18 8 19 2 20 10 17 5 13 1 14 7 17 16 7 20 16 8 20 6 4 5 16 14 13  
 20 1 14 10 4 6 5 2 1 3 2 5 6 10 12 14 14 2 10 5 6 15 15 19 19 10 6 7 1 8 1 6 16 16 19 18 2 14 6 15 7 7 1 1 16 7 11 1 10 3 20 11 9 7 8 19 13 2 11 1 3 5 17 5 14 9 16 12 13 4 16 11 13 17 17 2 2 6 10 16  
 5 19 19 3 15 15 16 15 20 4 1 2 9 3 9 12 13 9 6 12 3 20 18 16 18 14 16 4 6 19 20 17 11 7 9 2 11 16 5 20 11 6 8 20 19 5 13 14 5 18 14 1 19 19 12 7 19 18 6 12 20 8 9 10 17 18 1 4 12 17 18 1 2 7 12 10 12 10 4 6  
 6 16 11 20 2 19 6 12 15 12 14 6 11 20 1 7 11 14 3 18 18 14 11 9 6 12 4 15 11 9 17 4 12 10 10 3 4 13 12 1 15 11 3 14 3 15 19 20 16 8 16 15 2 5 3 4 16 17 5 14 4 9 6 18 6 20 14 6 20 11 10 13 16 13 15 8 16 3 5 14  
 9 9 12 16 13 12 18 9 10 7 19 3 7 8 10 15 16 19 11 17 16 19 14 14 3 13 14 20 16 15 8 1 15 19 11 7 10 6 2 14 13 10 5 7 4 20 20 19 1 10 12 14 1 9 5 12 1 3 16 4 13 4 20 16 5 1 17 3 10 2 6 15 9 16 2 1 13 4 12 8  
 4 12 15 19 12 8 20 6 13 20 12 20 13 17 19 20 10 8 8 8 5 6 1 12 12 8 3 18 2 18 6 15 17 20 7 13 6 11 10 7 10 2 7 19 20 13 5 16 12 16 15 18 10 4 18 8 17 15 1 17 2 14 13 7 15 13 8 16 9 12 13 7 7 18 7 20 1 2 9 9  
 12 17 1 8 20 2 8 16 19 13 9 13 15 13 7 3 2 1 14 2 1 18 19 4 11 11 8 13 7 7 16 16 13 1 16 20 19 1 4 5 12 3 4 13 2 14 9 13 20 14 3 7 11 2 19 11 7 20 18 5 14 12 7 19 11 6 20 11 17 5 15 8 17 9 8 19 7 20 7 3  
 13 11 20 12 18 3 3 5 2 2 3 7 1 4 2 8 3 15 20 19 19 8 12 6 1 19 13 16 10 6 11 3 19 6 12 4 18 19 19 19 16 19 19 15 12 2 8 8 2 9 1 12 13 11 15 2 11 7 12 8 8 20 4 12 12 17 2 10 19 18 1 14 5 8 4 7 20 12 13 1  
 11 20 16 17 1 9 2 3 4 19 17 19 3 7 6 1 5 6 1 7 8 13 6 5 8 18 9 5 5 14 12 2 14 4 18 15 16 7 7 10 6 4 17 12 1 19 12 2 17 11 2 2 4 13 17 9 6 16 4 19 12 10 16 3 16 3 15 5 11 13 2 9 1 3 19 12 15 11 15 11  
 1 2 7 13 14 4 4 8 11 18 15 10 4 6 14 4 9 18 13 14 15 10 4 13 10 3 10 14 14 16 19 14 4 8 1 8 5 10 14 8 5 12 10 4 11 4 10 4 19 20 17 17 14 1 16 20 14 5 20 18 5 7 14 11 4 7 10 7 14 20 17 19 15 15 3 9 3 14 20 15  
 14 4 6 15 6 7 14 1 7 11 18 11 18 9 11 10 4 4 17 4 14 9 5 1 16 15 17 10 9 2 9 13 7 9 5 10 13 9 1 4 3 1 16 16 10 9 7 6 15 7 7 16 8 14 1 10 15 10 15 7 19 16 2 9 10 11 13 18 1 6 11 10 10 19 18 18 19 17 6 12  
 ]

