nJ:30 
nI:70 

CostIJ:[  8 12 17 20 22 29 41 40 105 96 121 123 129 94 93 86 108 102 95 102 123 113 179 174 207 212 202 157 152 140 161 156 167 148 172 154 252 232 212 254 214 255 134 114 152 112 152 132 240 155 242 136 12 223 230 235 207 131 108 97 99 82 79 68 111 98 83 91 59 62  
 20 8 4 14 8 23 28 30 102 88 116 114 122 80 79 71 93 88 81 88 109 98 165 160 193 198 188 147 141 129 149 144 155 136 159 141 244 224 204 245 205 246 128 109 146 106 144 125 246 151 246 132 13 229 234 238 212 139 116 107 106 90 84 76 126 112 98 105 73 76  
 29 16 20 9 11 8 14 13 86 70 99 96 104 79 75 66 89 82 74 79 102 89 158 151 187 189 178 152 145 134 154 148 157 138 161 142 253 233 213 252 212 252 140 122 157 118 155 135 263 163 264 145 30 246 251 255 230 157 134 124 123 108 102 94 134 122 107 111 85 83  
 110 105 113 96 105 88 92 82 12 40 8 49 34 144 134 122 141 133 121 120 140 120 186 170 211 200 183 226 217 205 224 214 221 201 220 200 332 310 291 326 287 324 229 212 243 206 238 220 354 253 356 235 122 338 344 348 322 244 220 209 213 196 194 182 180 172 161 152 149 134  
 108 100 107 91 98 82 82 74 28 22 20 28 20 126 116 105 122 114 102 101 120 100 165 148 190 179 161 209 199 187 206 196 203 183 201 181 315 294 274 309 270 306 216 200 229 193 224 206 350 240 351 223 117 333 338 341 316 242 219 208 209 193 189 179 189 180 168 161 153 140  
 110 100 104 91 95 82 77 72 49 16 41 12 23 111 100 89 104 96 85 82 100 80 144 126 168 157 140 192 182 171 189 179 184 165 182 162 299 277 258 291 253 288 205 190 216 182 210 193 347 228 346 213 115 329 333 334 312 242 219 209 208 192 186 178 200 190 177 173 160 149  
 94 80 71 79 69 79 59 71 134 97 138 110 127 8 8 14 22 20 23 30 41 42 93 92 121 129 123 90 81 69 88 80 88 68 90 71 196 175 156 191 151 189 105 93 114 83 107 91 269 127 263 114 79 249 248 245 230 180 162 155 144 134 121 124 198 184 170 178 145 150  
 114 99 92 96 88 94 74 83 132 92 133 97 116 29 20 23 11 8 14 12 14 17 71 66 99 104 96 100 89 79 95 85 90 71 88 68 206 184 166 197 160 194 128 118 133 107 124 111 296 149 290 138 102 276 274 270 257 208 190 183 172 162 148 151 220 206 192 198 168 170  
 198 184 175 181 173 179 159 169 209 167 204 161 181 100 99 108 85 91 100 95 72 89 20 41 20 45 57 102 93 92 90 81 75 72 63 60 181 162 151 164 138 156 160 161 153 149 141 140 340 173 329 172 184 320 313 303 300 272 257 253 238 231 215 224 303 289 275 283 250 255  
 191 176 169 173 165 170 150 158 192 151 186 143 162 97 93 100 79 83 91 85 62 77 8 20 23 32 38 115 105 102 104 94 89 82 79 71 201 181 169 184 156 177 169 168 165 156 153 149 349 184 338 181 179 329 322 314 309 275 258 253 240 231 216 223 297 283 269 275 244 247  
 189 174 168 170 163 166 146 154 179 138 171 126 146 102 96 100 82 85 89 82 63 72 28 12 40 28 20 134 123 119 124 113 110 100 100 89 223 204 191 207 178 200 184 181 182 169 171 165 362 201 353 196 179 342 337 330 322 283 265 259 247 238 224 228 295 282 268 272 244 244  
 210 195 189 191 184 187 168 176 202 161 194 149 168 119 115 120 100 104 110 103 82 94 32 31 23 8 22 138 128 126 126 116 111 106 100 94 219 200 189 201 175 192 193 192 188 180 177 173 373 208 362 205 199 353 346 337 333 298 281 276 263 254 240 245 316 303 288 294 264 266  
 157 147 135 149 137 152 136 148 216 180 220 190 208 75 85 96 82 89 100 104 94 110 105 120 121 144 149 8 8 14 14 20 29 30 41 42 114 92 74 109 69 108 61 68 53 58 41 42 240 72 228 73 138 220 212 202 200 185 174 173 154 153 136 150 248 233 220 234 195 208  
 171 159 148 161 149 163 145 157 221 183 224 190 209 80 88 100 82 90 102 104 89 108 89 107 102 126 134 20 14 23 8 8 8 22 20 28 115 93 77 105 68 102 82 89 72 79 60 63 261 92 248 94 152 241 232 221 221 206 195 194 175 173 156 170 265 251 237 251 212 224  
 152 140 129 142 130 144 126 137 201 163 204 171 190 60 68 80 63 71 82 85 72 89 82 97 100 122 126 28 17 12 22 12 22 8 28 20 132 111 93 124 86 122 80 82 75 71 63 60 260 94 249 92 134 240 233 224 220 197 185 182 165 161 144 156 249 234 221 233 195 206  
 170 158 147 158 147 159 141 152 212 173 213 178 197 74 80 92 72 80 92 93 76 95 72 89 85 109 116 37 28 30 25 16 11 14 9 13 130 109 93 118 83 114 97 101 88 90 76 77 276 108 264 109 152 256 248 238 236 217 204 202 185 181 164 176 268 254 240 252 214 224  
 261 252 240 256 244 260 245 257 326 289 330 297 316 184 194 206 190 197 209 211 197 215 184 205 184 213 226 102 112 123 105 115 111 129 117 134 16 22 41 8 41 20 126 146 105 143 102 122 251 113 231 131 241 233 216 197 216 244 244 247 225 231 215 234 338 324 313 330 289 306  
 221 212 200 216 204 220 205 217 286 251 291 260 279 146 156 167 152 160 171 174 161 179 156 175 161 189 200 63 74 85 68 79 77 93 85 100 43 22 8 41 8 45 89 108 68 104 63 82 234 79 216 95 201 215 201 184 197 213 210 212 191 195 179 197 300 286 274 291 251 267  
 161 155 144 161 149 167 156 167 242 212 251 228 244 113 124 133 128 133 141 147 144 156 165 178 181 204 209 60 68 71 72 80 88 90 100 102 103 86 68 111 77 117 20 40 8 42 20 28 181 12 168 23 141 161 152 141 141 141 138 140 119 123 108 126 230 216 206 224 183 201  
 121 115 103 120 109 126 116 127 202 174 212 192 207 82 93 100 100 104 110 117 119 127 152 161 173 192 193 66 68 63 75 79 89 82 100 94 141 122 103 146 108 149 22 8 40 4 42 23 189 45 180 28 101 169 165 160 149 124 114 113 94 94 77 93 195 181 170 186 146 162  
 140 134 122 139 127 145 133 144 219 189 227 205 221 91 102 110 107 111 119 125 124 134 149 161 168 189 192 52 57 56 63 69 79 76 90 88 121 102 82 125 88 129 12 23 20 20 22 8 192 31 181 24 120 172 165 157 152 138 130 131 110 112 95 113 215 201 190 207 166 183  
 256 261 254 270 263 279 280 286 356 343 372 367 377 272 282 286 291 294 297 305 310 316 342 353 361 382 385 240 248 249 252 260 268 269 280 281 227 227 220 249 236 260 181 184 188 196 200 201 20 168 12 169 244 28 28 45 45 128 150 161 153 170 172 184 247 240 240 261 233 256  
 222 226 220 235 229 244 246 252 322 309 338 333 343 240 249 253 259 261 264 272 279 284 313 322 332 353 354 213 220 220 225 232 241 240 253 252 213 209 201 233 215 244 152 153 161 165 173 172 28 141 26 140 210 8 20 42 12 95 117 128 119 136 138 150 217 209 208 229 200 223  
 232 236 228 244 237 253 253 260 332 316 347 340 351 242 252 256 261 263 267 275 280 286 311 322 329 350 353 208 216 217 220 228 236 237 248 249 199 197 190 220 205 231 149 153 156 165 168 169 38 136 20 137 219 23 4 22 22 111 131 142 131 148 147 161 234 226 224 245 214 237  
 124 131 126 140 135 149 154 158 223 215 240 242 249 169 176 176 189 188 188 196 209 208 255 259 280 294 291 179 181 175 189 192 202 193 213 204 229 216 200 242 210 249 119 107 139 117 147 134 122 126 128 110 115 108 119 131 95 12 14 26 24 38 48 52 122 112 108 129 98 121  
 100 106 100 115 109 124 128 132 200 190 216 215 224 141 148 148 161 160 160 168 181 180 228 231 253 267 263 156 158 151 166 168 179 168 189 179 217 202 185 227 193 233 100 85 121 94 128 113 144 111 147 93 89 128 136 144 113 40 23 23 4 14 20 28 120 108 101 122 85 108  
 89 97 94 106 103 115 122 125 189 182 206 209 215 146 151 149 165 163 161 169 184 181 234 236 260 272 267 170 170 162 178 179 191 179 200 189 235 220 202 245 210 251 117 100 138 108 144 128 156 129 161 111 82 141 151 161 128 45 22 12 20 11 28 20 100 88 81 102 66 89  
 100 114 122 119 126 124 142 136 160 177 180 204 201 198 198 191 213 207 200 206 228 216 284 279 312 316 305 251 248 237 257 254 265 249 272 256 331 314 295 338 300 342 209 190 230 194 234 215 233 225 245 206 113 224 238 253 215 126 110 101 120 108 122 102 8 12 23 20 49 45  
 72 87 94 91 98 97 115 109 141 153 161 181 180 170 170 162 184 179 172 179 200 189 256 251 284 288 278 224 220 210 229 226 237 221 244 228 307 289 270 313 274 316 184 165 206 168 209 190 228 202 237 182 85 216 229 242 206 117 97 86 103 89 100 80 34 22 8 20 22 20  
 72 86 95 88 97 91 110 102 120 138 140 165 161 172 171 161 184 178 170 175 198 184 255 247 283 284 272 234 230 219 238 234 245 227 251 233 323 304 285 327 288 330 201 181 222 183 224 204 256 220 265 200 89 244 257 268 233 144 124 113 128 113 122 102 48 42 34 20 42 20  
 ]

demand:[ 1 1 1 1 1 1 1 1 1 1 1 1 1 1 1 1 1 1 1 1 1 1 1 1 1 1 1 1 1 1 1 1 1 1 1 1 1 1 1 1 1 1 1 1 1 1 1 1 1 1 1 1 1 1 1 1 1 1 1 1 1 1 1 1 1 1 1 1 1 1  ]

CostIJJ:[ 344 
309 
436 
436 
487 
377 
404 
466 
307 
311 
406 
434 
302 
377 
313 
383 
437 
418 
486 
469 
405 
318 
431 
383 
440 
482 
452 
452 
309 
447 
 ]

CapJ:[ 11 
7 
21 
21 
27 
15 
18 
25 
7 
7 
18 
21 
6 
15 
8 
15 
21 
19 
27 
25 
18 
8 
21 
15 
22 
26 
23 
12 
7 
23 
 ]

Pref:[  1 1 1 6 11 19 2 12 6 4 3 4 1 26 19 28 11 1 9 8 21 27 10 3 26 15 3 1 13 10 21 25 24 25 13 1 4 25 9 7 12 17 25 7 22 13 2 28 20 13 26 15 10 20 29 30 21 6 18 26 15 7 28 26 22 14 19 17 30 29  
 27 5 5 17 16 17 18 23 26 19 21 7 15 6 10 24 12 19 2 21 14 8 8 12 5 3 10 26 14 6 17 27 20 19 24 19 13 8 7 11 1 12 26 14 21 3 25 25 14 27 15 6 24 7 9 22 3 26 10 25 11 20 5 18 19 10 15 12 29 8  
 2 16 27 1 8 13 4 27 24 13 15 10 2 29 18 14 4 26 8 28 30 15 2 22 6 28 30 19 3 15 1 7 6 23 30 21 5 4 24 21 18 2 16 2 10 26 3 30 4 30 9 23 21 8 12 28 24 15 7 4 19 12 30 2 17 29 9 30 3 13  
 28 19 18 11 14 14 23 28 7 20 5 14 16 8 20 11 7 28 18 22 27 2 12 4 14 8 5 3 5 18 6 10 9 2 17 30 26 1 25 12 21 8 19 17 6 28 30 24 3 25 16 8 9 19 10 27 9 29 3 12 29 10 25 5 11 13 27 16 13 9  
 4 15 11 27 28 10 27 4 27 8 2 13 4 21 25 22 14 23 26 29 18 28 11 11 27 13 9 29 16 19 25 1 23 26 25 27 24 19 5 14 23 10 14 8 23 9 11 23 13 12 25 24 20 11 27 18 8 7 11 28 12 30 6 19 24 1 8 15 11 30  
 12 23 29 25 12 28 21 19 19 12 8 19 27 11 24 30 21 14 15 10 10 16 4 20 12 1 21 6 15 14 2 16 2 17 18 11 15 15 3 18 5 30 30 19 28 18 19 1 23 7 14 7 6 29 24 3 17 19 27 9 30 25 1 4 18 22 25 3 12 2  
 13 4 19 3 7 18 13 6 10 25 26 20 3 24 5 16 8 20 4 5 22 29 24 23 7 6 20 7 25 22 7 12 5 14 2 14 16 7 10 27 8 28 18 10 14 17 29 8 7 8 18 14 30 4 23 8 2 3 21 11 25 13 10 27 7 7 24 8 22 16  
 3 9 28 26 24 24 29 7 20 1 27 25 29 23 29 27 30 17 27 30 11 6 5 14 28 26 11 16 1 25 29 23 26 15 10 20 9 9 11 24 14 14 12 30 13 7 10 17 27 17 21 28 2 25 5 13 14 24 1 3 9 1 23 17 9 28 22 18 24 23  
 24 6 25 19 22 20 26 11 28 7 4 5 25 5 26 26 28 21 10 16 19 23 20 27 19 16 23 25 9 23 18 22 28 6 23 26 18 12 17 1 19 3 8 20 1 8 23 16 18 9 23 20 8 22 3 19 11 11 13 8 18 17 17 22 28 3 2 11 8 14  
 30 10 26 2 2 4 12 21 22 27 20 6 5 22 8 2 23 22 28 3 12 19 16 7 24 11 7 17 7 28 20 6 30 29 1 7 20 2 27 20 9 16 9 1 7 21 1 18 19 15 11 9 17 6 25 9 26 1 29 10 8 16 24 25 3 4 11 14 21 24  
 19 30 22 30 9 21 11 13 2 3 1 8 28 19 23 21 18 29 14 14 3 1 29 25 21 20 16 2 11 5 16 3 17 18 7 29 27 29 30 9 3 20 2 25 25 1 28 20 29 23 3 17 29 26 22 5 7 22 6 22 6 19 7 11 12 23 20 9 27 17  
 18 25 24 20 4 12 15 10 1 26 14 23 24 25 28 18 15 10 3 26 6 4 22 28 30 10 24 23 26 11 19 8 22 12 4 10 19 22 29 2 13 1 17 4 15 15 5 13 11 21 13 13 23 10 30 25 6 13 24 14 20 22 29 13 20 15 7 5 19 27  
 14 7 20 14 26 29 7 3 21 16 13 27 17 15 2 6 20 8 1 2 7 3 27 18 17 18 15 12 20 2 9 17 7 13 12 9 21 13 19 16 28 24 11 26 3 24 9 6 21 1 20 2 1 13 14 24 4 10 15 19 23 14 12 28 1 20 30 2 5 11  
 7 18 9 8 6 15 1 2 13 10 25 24 21 9 13 15 2 7 23 9 20 7 13 15 16 7 25 14 27 8 12 2 27 27 20 12 17 10 28 25 26 15 10 27 11 11 13 19 17 11 24 18 11 30 19 23 1 4 26 1 13 3 20 23 16 16 16 26 17 22  
 8 26 4 15 13 8 6 16 23 23 19 22 8 12 6 25 27 2 24 25 24 30 25 16 8 24 29 20 17 13 26 19 4 8 11 3 29 30 18 3 2 6 23 21 19 5 22 22 1 14 17 25 12 21 18 7 12 27 4 24 10 6 13 15 29 2 5 23 16 7  
 26 17 21 12 15 7 20 9 18 24 30 2 6 18 30 9 24 11 17 17 16 20 9 5 18 19 12 24 28 26 4 30 25 28 26 28 23 18 12 17 15 13 13 5 12 22 8 14 16 2 29 16 25 5 21 15 19 14 2 18 26 18 9 24 4 6 28 1 23 25  
 29 14 8 22 30 5 22 30 8 15 16 3 9 16 27 7 13 5 25 12 26 21 28 13 4 9 1 27 24 21 14 20 13 21 21 6 3 26 23 29 10 7 7 13 24 27 20 10 8 24 1 26 18 17 16 29 18 18 19 5 14 28 22 7 14 12 26 27 4 20  
 25 3 2 13 1 16 9 8 12 21 17 30 14 3 3 12 3 4 16 6 2 25 14 21 20 17 2 5 29 29 24 24 19 22 6 8 6 23 14 22 27 18 20 3 26 19 4 27 15 20 2 1 3 18 11 16 29 9 22 29 17 8 4 29 15 26 10 19 2 1  
 20 27 15 21 21 22 28 24 9 14 18 9 7 1 9 13 6 30 6 11 5 17 21 2 25 29 17 13 4 27 27 29 29 24 5 23 11 28 13 19 22 25 3 11 29 25 16 21 9 18 6 10 26 16 6 17 25 8 12 13 24 15 21 16 26 21 12 29 7 15  
 10 8 14 24 29 3 19 17 30 9 23 29 30 20 7 29 22 12 21 15 23 14 1 10 11 2 13 8 23 24 28 26 12 11 8 13 14 6 8 13 6 29 24 16 5 4 18 3 5 16 12 27 19 27 13 14 5 20 8 21 27 24 11 10 23 5 18 25 14 12  
 22 29 17 9 23 25 8 20 15 30 28 1 18 27 4 23 26 16 11 23 25 22 30 24 22 30 18 10 18 7 3 14 10 10 15 5 25 17 2 8 4 21 6 29 27 14 14 9 28 5 19 11 16 24 1 26 10 30 28 23 1 11 27 3 2 17 21 22 26 10  
 16 21 13 4 20 2 24 1 3 5 10 21 23 17 17 10 9 13 29 24 29 5 7 17 1 27 26 21 6 17 8 13 11 30 27 17 10 14 20 15 7 9 22 6 8 2 26 4 12 3 22 21 5 3 7 21 16 5 30 15 16 29 14 14 27 19 29 7 10 4  
 23 11 7 23 27 30 10 18 25 29 12 11 22 28 15 17 19 9 7 7 1 12 17 26 2 22 8 15 2 1 23 15 1 16 3 24 2 5 22 26 16 5 15 15 2 6 12 29 6 28 30 29 7 23 4 1 15 17 25 2 5 27 8 6 25 30 4 4 15 3  
 17 2 3 29 3 6 17 29 11 22 11 16 12 2 14 1 25 24 30 18 15 11 26 30 29 25 19 9 10 12 5 18 8 9 29 15 7 16 1 23 20 11 28 28 30 20 6 26 2 22 28 3 4 28 15 4 22 16 23 20 3 21 2 20 13 25 23 20 9 26  
 15 28 23 5 5 11 14 22 29 11 24 28 26 14 12 19 17 15 5 4 13 18 15 6 15 4 28 30 30 16 13 4 3 20 22 4 28 3 16 4 24 22 21 24 20 29 21 7 26 6 4 4 22 1 20 11 13 25 20 6 22 4 26 1 6 9 14 24 28 6  
 21 13 12 7 10 23 30 14 17 28 7 26 20 13 21 3 1 3 22 20 4 13 3 19 13 12 14 4 8 4 22 28 18 1 14 16 8 21 6 30 30 26 1 23 9 12 17 5 24 10 5 5 14 14 8 2 27 28 16 16 4 26 3 12 30 8 1 13 20 21  
 9 12 6 18 17 27 25 26 14 6 6 12 13 4 11 4 29 18 12 13 9 10 6 8 9 14 27 18 12 3 15 5 15 5 16 2 30 27 21 5 11 27 4 9 17 16 7 15 10 19 27 30 15 9 26 6 23 23 14 27 2 5 16 21 10 18 6 10 6 19  
 6 24 10 16 19 9 16 25 16 18 29 17 19 7 22 20 5 6 13 1 17 24 23 29 23 23 6 28 19 9 11 11 16 3 19 18 1 24 4 28 29 23 27 12 4 30 24 11 22 26 8 19 28 2 17 20 28 21 17 30 21 2 19 8 21 11 3 6 18 28  
 5 20 16 28 18 1 5 15 5 2 9 18 10 10 16 5 16 27 20 19 8 9 19 1 10 5 4 11 22 30 30 9 14 7 9 25 12 11 26 6 25 19 5 22 16 23 27 12 30 4 7 22 13 12 28 12 30 12 9 7 7 23 18 30 8 27 13 28 1 5  
 11 22 30 10 25 26 3 5 4 17 22 15 11 30 1 8 10 25 19 27 28 26 18 9 3 21 22 22 21 20 10 21 21 4 28 22 22 20 15 10 17 4 29 18 18 10 15 2 25 29 10 12 27 15 2 10 20 2 5 17 28 9 15 9 5 24 17 21 25 18  
 ]

