nJ:10 
nI:100 

CostIJ:[  111 52 113 40 192 72 180 222 217 225 288 62 86 212 125 221 221 147 289 229 26 68 101 84 48 37 66 47 123 216 186 295 148 209 257 341 128 288 62 22 64 120 167 224 252 281 327 294 411 107 181 108 29 60 36 21 83 47 155 135 190 238 287 384 364 324 129 131 92 157 277 58 30 35 55 81 98 154 157 62 196 217 180 186 219 301 120 169 94 248 151 99 164 115 112 111 101 137 122 164  
 139 68 203 197 103 11 134 146 288 216 257 148 51 150 139 130 127 86 243 266 113 174 277 232 245 103 67 81 250 239 176 304 220 315 344 274 39 224 282 62 152 79 153 144 166 202 264 235 357 162 234 76 42 196 216 186 90 57 63 57 95 211 275 352 438 369 344 236 104 169 346 169 115 143 190 149 183 254 249 171 273 156 101 95 125 212 81 142 47 245 61 4 69 54 40 30 32 44 32 79  
 115 118 198 231 78 18 68 67 264 162 188 158 86 192 196 140 87 30 170 227 151 224 326 246 277 121 52 81 254 198 130 251 204 304 322 195 89 250 323 93 205 135 207 172 96 125 186 159 279 147 207 36 57 218 245 230 146 86 102 11 96 149 213 280 405 328 389 241 77 129 316 212 158 190 237 146 180 243 241 180 256 81 22 54 150 213 136 87 30 189 92 61 95 80 83 50 86 88 54 123  
 24 148 47 170 206 92 112 187 32 106 172 72 135 296 251 267 231 120 194 61 131 220 294 106 183 77 37 37 90 76 97 142 26 89 90 260 185 371 263 87 216 212 284 290 235 233 251 226 306 27 25 66 54 123 149 193 192 100 197 134 224 136 149 250 185 141 323 114 21 40 94 191 148 178 217 36 47 42 69 60 58 165 166 194 264 348 197 87 91 107 206 151 203 150 159 142 162 189 155 226  
 68 122 54 129 217 94 160 222 159 182 250 41 123 283 223 268 247 146 261 172 96 182 253 80 145 50 51 32 86 164 151 243 89 160 202 322 178 361 222 62 180 194 261 284 263 277 309 277 381 57 123 95 43 82 110 152 166 82 194 150 228 203 241 342 308 265 283 72 58 111 219 153 113 140 177 34 41 100 99 19 137 207 189 209 262 350 180 140 102 200 201 144 203 146 152 142 151 184 156 218  
 79 139 172 238 105 38 12 39 212 87 81 149 106 217 223 162 94 30 57 160 164 243 343 232 279 123 41 73 231 136 80 165 165 263 266 68 116 269 334 104 227 162 234 195 84 47 54 72 148 117 155 19 62 214 246 244 170 100 129 36 120 68 115 156 335 253 401 224 45 74 254 227 174 207 254 125 157 206 210 166 214 34 49 75 177 227 160 32 40 100 118 88 122 102 108 75 112 115 80 151  
 129 42 155 103 181 62 178 214 257 234 292 93 75 207 131 211 210 140 289 256 26 91 187 156 151 50 70 58 185 236 193 313 185 265 306 336 117 284 184 18 86 114 171 216 242 272 323 290 410 134 212 107 28 117 125 90 78 40 143 125 179 242 298 390 410 356 249 177 103 172 319 72 18 52 98 110 136 205 202 109 236 212 170 174 207 291 109 172 87 261 140 87 152 104 100 99 90 126 110 154  
 34 158 117 220 167 72 47 122 131 33 74 118 130 276 257 232 178 75 103 72 161 249 339 184 249 108 32 55 174 61 55 71 99 187 179 166 165 342 318 106 240 205 280 261 173 154 164 148 207 67 79 32 63 182 214 237 198 108 175 93 187 57 49 151 241 159 383 179 15 16 164 225 176 210 253 83 108 135 148 124 143 99 115 147 235 306 193 29 67 6 178 132 176 134 144 118 149 166 129 204  
 50 158 139 219 197 85 115 184 200 144 209 120 134 292 259 259 222 112 216 175 158 246 336 199 253 105 32 52 199 149 106 222 139 240 258 276 180 364 317 103 238 213 287 283 229 235 264 233 337 85 144 58 61 186 219 234 200 108 191 125 215 159 208 304 347 278 383 191 12 82 256 222 173 206 250 92 124 180 180 134 191 165 158 185 256 338 198 95 82 170 198 145 196 145 155 134 159 183 147 220  
 138 55 203 188 73 8 116 112 287 205 238 148 51 63 94 51 66 70 219 262 105 153 254 230 236 101 66 81 250 234 168 294 220 316 344 236 17 117 266 59 125 37 88 36 119 157 232 208 325 162 233 68 43 193 209 169 64 56 56 34 41 196 261 329 436 365 325 236 101 164 345 157 103 127 172 150 183 254 249 171 273 131 72 52 84 116 68 131 42 234 3 4 46 54 41 24 28 20 20 35  
 ]

demand:[ 1 1 1 1 1 1 1 1 1 1 1 1 1 1 1 1 1 1 1 1 1 1 1 1 1 1 1 1 1 1 1 1 1 1 1 1 1 1 1 1 1 1 1 1 1 1 1 1 1 1 1 1 1 1 1 1 1 1 1 1 1 1 1 1 1 1 1 1 1 1 1 1 1 1 1 1 1 1 1 1 1 1 1 1 1 1 1 1 1 1 1 1 1 1 1 1 1 1 1 1  ]

CostIJJ:[ 344 
309 
436 
436 
487 
377 
404 
466 
307 
311 
 ]

CapJ:[ 13 
9 
26 
26 
33 
18 
22 
30 
8 
9 
 ]

Pref:[  4 5 4 4 8 2 8 3 9 10 2 9 7 7 6 6 4 7 5 8 10 8 6 6 5 1 6 9 3 9 7 9 5 4 7 10 4 7 9 3 8 10 1 10 4 1 7 5 10 10 6 7 1 8 7 2 2 2 2 2 5 5 8 1 4 1 5 5 7 10 8 8 6 9 2 2 10 10 8 10 7 6 4 10 1 2 1 7 5 8 6 6 5 7 4 2 1 8 7 10  
 3 1 9 2 9 8 2 6 3 4 3 7 6 2 5 3 6 3 8 2 5 7 10 8 4 6 5 1 4 6 1 8 6 2 3 5 3 2 2 5 6 4 9 6 7 2 2 7 9 2 8 3 6 6 8 9 7 9 5 8 4 4 10 9 5 9 1 3 10 8 1 1 5 6 10 10 4 9 2 8 3 8 3 5 7 6 7 5 8 2 1 3 2 1 6 4 10 5 6 5  
 6 6 5 6 3 3 4 4 5 9 10 3 2 6 7 9 5 9 3 6 6 5 8 4 8 10 4 3 10 7 9 4 3 7 10 4 9 8 5 8 1 1 2 3 5 10 8 4 6 1 9 6 9 5 5 8 10 8 4 5 8 1 4 2 3 8 3 7 4 3 9 10 2 4 4 3 9 1 4 1 9 1 5 7 3 5 2 10 1 6 4 8 6 5 9 5 5 4 9 6  
 8 10 10 3 10 1 3 1 8 2 4 4 10 3 8 2 7 8 2 9 7 1 2 10 9 8 1 2 9 2 2 3 8 3 5 9 2 10 6 9 10 2 4 7 9 4 10 1 8 4 2 9 8 2 6 6 9 6 6 4 3 6 7 5 8 4 4 4 6 7 10 2 1 1 1 5 3 5 6 4 2 4 7 4 10 1 4 2 4 7 5 10 1 6 2 1 6 6 4 7  
 7 3 8 5 7 5 9 2 10 7 5 1 3 5 9 7 1 2 10 7 3 9 1 3 10 9 2 8 7 5 10 10 9 8 6 2 1 4 10 4 3 7 3 9 6 9 1 9 7 5 4 4 7 7 2 7 4 4 7 10 1 10 6 4 2 7 2 9 8 1 5 5 7 2 8 1 8 8 5 3 4 2 1 8 8 7 5 9 10 10 2 2 3 2 5 10 3 1 8 1  
 9 8 6 10 2 7 5 9 4 1 6 8 8 10 1 10 2 1 9 10 4 4 9 9 7 7 7 7 8 8 4 6 10 5 1 6 6 3 8 10 5 3 8 8 2 7 3 3 1 7 10 8 5 3 10 10 8 10 1 9 10 9 1 10 10 3 9 6 9 2 7 4 3 5 5 9 7 3 9 2 5 7 10 1 2 8 6 1 9 3 3 4 8 10 1 9 4 10 1 3  
 10 7 3 9 5 10 7 8 2 5 7 5 9 8 4 5 10 5 6 4 9 10 7 2 2 2 3 10 6 1 8 1 4 1 8 7 10 1 4 7 4 8 6 4 8 5 9 8 2 9 3 1 2 4 1 1 6 5 10 6 6 8 2 6 7 10 10 8 1 9 6 9 10 3 9 7 5 2 10 9 8 3 2 2 6 4 8 8 3 5 10 5 10 8 7 7 2 2 10 8  
 5 4 2 8 6 4 10 5 6 3 9 10 1 1 2 8 8 4 4 1 1 6 5 1 1 3 9 4 2 10 3 5 2 10 4 8 7 6 3 6 9 9 5 2 1 8 4 2 3 8 1 10 3 1 4 3 3 7 8 3 2 7 5 8 6 2 7 1 2 4 2 6 9 8 3 8 2 6 7 6 6 9 9 9 9 10 3 6 6 1 8 7 9 3 3 3 8 9 2 4  
 1 2 1 1 4 9 6 10 1 6 8 6 5 9 10 1 9 6 1 5 8 2 4 5 6 5 8 6 5 4 5 7 1 6 9 3 8 5 7 2 7 6 10 1 3 3 5 10 4 6 5 2 4 9 3 5 1 3 3 1 9 2 9 3 9 6 6 2 5 5 3 7 4 7 6 4 1 7 3 7 10 5 6 6 4 3 9 3 7 9 9 9 7 4 8 8 9 7 3 2  
 2 9 7 7 1 6 1 7 7 8 1 2 4 4 3 4 3 10 7 3 2 3 3 7 3 4 10 5 1 3 6 2 7 9 2 1 5 9 1 1 2 5 7 5 10 6 6 6 5 3 7 5 10 10 9 4 5 1 9 7 7 3 3 7 1 5 8 10 3 6 4 3 8 10 7 6 6 4 1 5 1 10 8 3 5 9 10 4 2 4 7 1 4 9 10 6 7 3 5 9  
 ]

