nJ:20 
nI:100 

CostIJ:[  128 34 150 85 177 60 177 212 253 234 292 89 72 194 111 203 205 139 289 254 24 58 152 144 129 48 70 57 175 235 193 312 181 258 301 335 110 270 156 18 56 102 153 205 239 270 322 289 409 132 210 107 28 106 106 59 65 39 138 123 173 242 298 390 405 354 217 171 103 172 315 54 18 16 63 107 132 199 197 102 232 211 168 170 201 282 102 172 87 261 132 82 147 101 96 96 84 119 106 146  
 34 158 117 220 167 72 47 122 131 33 74 118 130 276 257 232 178 75 103 72 161 249 339 184 249 108 32 55 174 61 55 71 99 187 179 166 165 342 318 106 240 205 280 261 173 154 164 148 207 67 79 32 63 182 214 237 198 108 175 93 187 57 49 151 241 159 383 179 15 16 164 225 176 210 253 83 108 135 148 124 143 99 115 147 235 306 193 29 67 6 178 132 176 134 144 118 149 166 129 204  
 66 148 158 236 126 49 12 66 192 66 58 142 115 240 238 188 124 42 34 138 166 249 346 222 274 120 37 68 218 116 67 142 148 245 245 100 134 297 333 107 235 179 253 220 116 87 95 88 156 104 136 18 63 208 240 246 182 104 145 54 144 49 92 144 312 230 400 214 35 56 232 229 178 212 258 114 145 189 195 156 196 49 70 100 198 257 173 21 47 77 140 104 141 113 121 90 126 134 97 171  
 68 122 54 129 217 94 160 222 159 182 250 41 123 283 223 268 247 146 261 172 96 182 253 80 145 50 51 32 86 164 151 243 89 160 202 322 178 361 222 62 180 194 261 284 263 277 309 277 381 57 123 95 43 82 110 152 166 82 194 150 228 203 241 342 308 265 283 72 58 111 219 153 113 140 177 34 41 100 99 19 137 207 189 209 262 350 180 140 102 200 201 144 203 146 152 142 151 184 156 218  
 139 92 204 209 132 15 142 165 288 219 264 151 60 201 179 176 162 96 253 266 127 198 300 237 256 107 67 81 253 239 178 306 220 316 344 291 90 275 298 71 180 124 199 195 192 223 279 248 370 162 234 79 45 203 227 204 123 64 102 76 137 216 280 361 438 370 363 239 104 170 346 187 133 164 211 150 184 254 250 175 273 168 121 125 171 258 114 147 50 248 111 55 111 54 64 51 69 94 64 130  
 64 145 156 237 115 45 10 49 183 59 40 142 112 227 232 172 102 37 35 125 166 248 346 221 275 121 38 69 216 108 67 122 144 238 233 36 125 278 333 106 233 172 244 205 93 50 64 77 60 102 129 18 63 208 241 246 178 103 137 45 130 47 68 79 291 209 400 213 35 52 217 229 177 211 257 114 144 184 192 156 190 41 59 85 187 236 168 22 45 59 128 97 132 109 115 83 120 124 89 160  
 140 17 184 143 141 35 161 182 280 233 283 122 51 144 74 155 163 116 273 270 62 104 206 194 189 75 72 71 220 246 191 318 209 296 333 309 66 220 217 31 77 51 109 155 203 239 299 268 390 153 231 96 32 155 165 120 14 38 100 92 128 234 296 380 433 373 275 209 109 179 341 109 58 78 122 134 164 235 231 142 261 188 137 132 157 233 62 164 68 262 85 41 106 74 62 62 46 76 69 98  
 23 157 98 207 189 83 82 159 118 72 139 104 134 290 259 253 208 98 160 71 153 243 328 165 233 98 32 47 155 42 70 121 80 172 172 226 178 360 304 101 236 212 287 279 209 201 218 194 273 51 63 47 61 167 198 226 199 107 188 115 208 102 121 223 249 173 369 161 12 12 162 216 169 202 244 67 90 118 129 106 125 136 143 173 252 331 198 57 79 79 195 144 192 144 153 131 158 180 144 218  
 65 154 158 234 156 62 43 119 203 93 138 139 123 265 249 221 170 64 140 160 166 251 346 219 271 118 35 65 218 132 67 182 152 252 260 200 154 331 331 107 240 195 270 250 169 164 188 158 261 103 146 23 64 205 237 245 192 107 164 82 176 88 151 236 338 260 398 211 32 64 251 230 179 213 258 112 144 193 196 154 202 97 106 138 224 296 185 18 57 121 167 122 165 125 135 107 140 155 118 193  
 50 158 139 219 197 85 115 184 200 144 209 120 134 292 259 259 222 112 216 175 158 246 336 199 253 105 32 52 199 149 106 222 139 240 258 276 180 364 317 103 238 213 287 283 229 235 264 233 337 85 144 58 61 186 219 234 200 108 191 125 215 159 208 304 347 278 383 191 12 82 256 222 173 206 250 92 124 180 180 134 191 165 158 185 256 338 198 95 82 170 198 145 196 145 155 134 159 183 147 220  
 111 52 113 40 192 72 180 222 217 225 288 62 86 212 125 221 221 147 289 229 26 68 101 84 48 37 66 47 123 216 186 295 148 209 257 341 128 288 62 22 64 120 167 224 252 281 327 294 411 107 181 108 29 60 36 21 83 47 155 135 190 238 287 384 364 324 129 131 92 157 277 58 30 35 55 81 98 154 157 62 196 217 180 186 219 301 120 169 94 248 151 99 164 115 112 111 101 137 122 164  
 137 125 189 204 205 81 179 223 279 235 292 135 110 272 227 253 236 146 290 266 131 216 311 221 249 93 71 68 236 243 193 316 209 302 333 340 164 349 299 72 206 186 258 270 258 282 326 293 411 151 228 108 28 190 217 210 167 75 179 141 214 242 299 390 431 369 366 222 107 176 339 194 143 177 223 136 169 240 235 158 261 216 184 197 248 335 171 172 95 263 187 130 188 131 137 127 137 170 141 204  
 124 100 203 222 54 10 82 74 274 175 202 157 73 156 169 101 53 41 182 239 140 206 309 245 269 117 57 82 257 211 143 264 212 311 331 200 60 211 311 84 185 107 175 134 86 123 194 170 288 154 217 46 53 214 239 216 123 77 79 8 59 163 227 291 417 341 375 243 85 141 327 199 145 174 222 150 184 250 247 181 264 94 36 14 118 173 114 101 31 202 58 37 67 67 65 33 64 59 32 92  
 138 55 203 188 73 8 116 112 287 205 238 148 51 63 94 51 66 70 219 262 105 153 254 230 236 101 66 81 250 234 168 294 220 316 344 236 17 117 266 59 125 37 88 36 119 157 232 208 325 162 233 68 43 193 209 169 64 56 56 34 41 196 261 329 436 365 325 236 101 164 345 157 103 127 172 150 183 254 249 171 273 131 72 52 84 116 68 131 42 234 3 4 46 54 41 24 28 20 20 35  
 95 79 87 50 207 83 176 228 190 210 277 47 101 245 166 245 237 150 283 205 45 111 159 53 39 34 61 40 92 196 175 276 122 179 226 339 151 323 122 33 109 152 208 253 263 286 326 293 404 87 157 106 33 39 4 66 117 59 173 145 210 228 272 371 334 298 177 106 80 141 248 88 56 71 99 61 74 125 129 37 169 218 188 200 240 326 145 161 100 231 175 120 183 129 130 126 123 159 139 189  
 22 150 49 172 202 91 101 177 34 88 148 74 135 296 253 265 225 114 174 35 133 222 296 103 182 79 36 38 86 60 87 111 28 75 48 239 185 370 264 89 218 213 285 289 227 219 234 212 281 28 20 61 55 125 149 195 193 101 196 129 221 119 121 217 122 91 322 115 18 29 30 193 150 180 219 39 49 38 70 62 60 154 160 189 262 344 198 76 88 80 204 150 202 149 158 140 162 188 153 225  
 102 125 191 235 85 25 39 18 247 134 150 156 93 197 204 142 76 24 128 205 157 231 333 243 280 123 48 79 248 177 110 221 192 292 305 146 96 250 328 98 213 143 214 175 69 77 138 116 232 138 190 26 59 218 247 236 154 91 110 19 99 117 179 237 383 304 394 237 65 109 297 218 165 197 244 140 174 232 232 177 243 46 30 54 156 209 144 63 33 158 98 69 102 88 91 58 94 95 62 130  
 31 144 46 167 211 94 128 200 94 132 201 68 134 296 248 270 238 129 218 107 127 216 291 110 184 73 39 35 98 106 113 182 22 123 147 283 186 371 261 84 212 211 281 291 246 249 272 244 335 26 58 74 52 122 150 190 188 97 198 140 228 159 185 287 247 198 323 112 29 61 156 187 144 174 213 33 44 63 72 59 75 180 174 200 266 351 195 104 95 142 207 151 205 150 159 143 161 190 157 226  
 138 67 203 197 89 9 126 133 287 211 249 149 52 130 130 106 107 78 234 264 113 172 275 233 245 104 66 81 251 236 172 299 220 316 344 261 21 202 281 63 148 68 139 121 149 186 253 224 346 162 233 72 43 198 217 184 85 58 57 46 73 204 269 344 437 367 343 237 102 167 345 169 115 142 189 150 184 254 250 173 273 145 88 78 102 188 78 137 44 240 37 5 53 54 41 25 32 20 23 58  
 36 135 28 139 214 95 132 204 61 131 198 54 131 293 238 271 241 133 219 90 111 196 262 62 142 63 42 33 45 102 116 170 26 28 77 284 185 370 227 75 194 205 274 291 250 253 275 247 333 28 49 78 49 92 110 163 179 92 198 143 229 160 177 278 184 164 281 87 33 62 105 167 128 155 190 27 30 6 47 33 58 184 178 203 266 353 191 107 97 135 207 150 206 150 158 144 159 190 158 225  
 ]

demand:[ 1 1 1 1 1 1 1 1 1 1 1 1 1 1 1 1 1 1 1 1 1 1 1 1 1 1 1 1 1 1 1 1 1 1 1 1 1 1 1 1 1 1 1 1 1 1 1 1 1 1 1 1 1 1 1 1 1 1 1 1 1 1 1 1 1 1 1 1 1 1 1 1 1 1 1 1 1 1 1 1 1 1 1 1 1 1 1 1 1 1 1 1 1 1 1 1 1 1 1 1  ]

CostIJJ:[ 344 
309 
436 
436 
487 
377 
404 
466 
307 
311 
406 
434 
302 
377 
313 
383 
437 
418 
486 
469 
 ]

CapJ:[ 13 
9 
26 
26 
33 
18 
22 
30 
8 
9 
22 
26 
8 
18 
9 
19 
26 
24 
33 
31 
 ]

Pref:[  3 6 17 10 7 8 3 7 14 12 7 8 16 14 2 8 14 4 5 13 17 13 20 7 13 17 8 17 11 7 17 9 17 11 7 9 17 1 5 4 19 15 13 9 18 1 1 3 11 14 19 19 5 16 11 12 13 13 7 15 20 7 17 18 10 4 5 20 4 6 2 20 7 13 16 1 19 8 7 6 11 9 17 4 14 4 2 12 14 11 8 4 9 3 9 11 11 8 19 2  
 15 5 1 1 8 12 16 16 16 2 1 3 7 7 1 17 8 14 20 1 1 1 6 6 11 15 6 16 18 14 19 10 13 3 13 6 14 2 17 17 20 9 15 12 19 17 2 9 3 20 4 20 7 2 16 16 7 2 13 10 5 19 13 6 17 18 11 8 2 13 3 17 12 10 20 5 18 3 12 7 18 15 13 6 11 5 4 5 12 1 14 10 15 13 4 14 16 13 9 10  
 14 8 15 3 15 10 10 10 6 7 2 14 5 11 4 10 3 6 2 5 16 20 11 5 12 14 11 10 15 13 11 4 6 7 3 1 10 9 4 15 17 14 1 13 4 14 18 18 1 8 7 11 15 3 15 2 20 18 1 18 12 13 14 13 12 9 3 16 20 17 4 7 17 19 14 20 4 12 18 11 15 17 12 15 4 11 9 15 10 6 4 11 4 18 19 3 9 14 3 9  
 11 3 14 4 4 16 15 17 3 11 17 19 6 3 19 15 19 17 1 20 4 16 18 11 9 8 2 2 5 18 15 16 3 12 20 7 6 12 11 12 13 5 2 4 1 8 6 2 9 19 14 3 17 20 4 8 11 11 18 16 10 18 7 20 3 13 9 1 17 5 18 14 13 9 4 7 5 7 6 10 16 11 4 16 16 13 15 11 4 9 20 13 6 6 14 1 7 10 8 11  
 19 2 8 7 13 6 1 19 20 3 5 6 18 1 6 20 5 2 3 18 9 17 1 9 5 12 1 3 16 2 18 11 15 5 17 19 2 15 9 9 8 18 6 16 14 7 20 7 12 15 3 1 1 8 13 17 4 15 9 4 14 10 4 11 13 20 6 3 12 3 14 2 20 12 12 19 15 18 15 2 9 13 1 19 3 8 10 7 11 12 7 3 13 5 16 18 14 1 5 8  
 12 20 19 16 19 2 7 4 19 4 19 18 19 8 17 11 11 16 11 17 6 9 2 19 6 19 18 12 3 10 13 14 9 18 19 16 19 10 3 20 11 8 14 7 10 15 17 4 16 7 11 9 13 15 5 7 8 9 17 2 13 3 5 14 18 8 8 9 6 10 13 8 9 20 1 12 9 6 13 14 7 14 2 12 13 1 6 9 8 2 3 8 11 16 20 5 6 4 20 20  
 4 11 12 6 11 20 9 3 1 8 18 1 1 13 3 4 20 8 16 16 5 12 14 18 14 2 13 9 4 8 12 13 10 14 11 10 18 8 1 3 18 7 19 6 9 19 16 6 18 6 17 6 20 4 2 1 9 20 20 14 1 5 18 9 1 15 1 10 15 4 11 9 18 7 9 15 11 11 16 19 17 2 14 2 12 19 8 2 18 20 5 9 2 10 2 2 4 16 11 19  
 2 10 13 11 9 15 4 12 5 20 9 15 3 5 13 2 12 15 18 8 7 2 12 12 7 11 19 14 7 20 4 17 16 13 9 8 15 11 12 13 6 12 3 17 13 3 4 15 20 3 2 18 14 12 17 15 6 1 4 1 9 9 2 1 15 19 19 17 11 16 7 5 6 11 19 4 6 14 14 1 8 6 8 9 8 9 14 18 19 13 16 5 5 11 10 15 19 6 14 1  
 5 1 20 5 3 17 2 14 15 17 12 16 9 16 11 12 17 13 4 14 15 10 17 20 8 18 20 13 14 19 6 3 8 19 10 2 5 3 8 7 12 17 18 15 15 11 19 14 15 13 16 5 19 14 19 13 1 3 14 8 18 6 3 5 19 17 13 15 18 9 17 19 10 5 2 3 13 10 4 13 20 20 16 17 9 17 13 6 9 17 6 2 16 20 3 8 18 19 1 4  
 7 17 10 20 10 13 12 20 4 15 6 20 12 19 8 5 9 10 8 2 14 15 7 16 10 16 4 19 20 1 1 1 20 1 12 20 13 5 16 19 5 11 4 2 6 12 15 16 8 2 6 8 16 9 20 11 17 10 12 17 7 16 6 2 7 14 14 2 3 18 10 11 2 16 17 9 10 15 8 9 12 12 7 13 2 18 5 14 3 4 15 16 14 14 8 19 5 3 2 17  
 9 16 18 15 17 4 13 1 9 5 13 13 10 6 5 1 13 18 19 15 11 11 4 2 15 13 14 8 2 12 20 6 2 8 4 18 20 6 20 2 15 10 20 18 16 13 12 12 17 18 9 2 18 6 9 4 15 19 10 19 8 17 12 15 14 16 17 4 13 12 15 3 19 4 5 18 7 9 17 17 14 10 6 5 7 2 19 4 7 14 1 17 1 9 7 12 17 9 10 13  
 1 4 3 9 20 11 18 15 11 19 16 10 17 12 7 6 10 3 9 3 18 5 5 15 1 4 10 6 19 15 9 12 19 17 5 11 11 16 14 11 2 13 5 10 12 9 7 13 2 1 18 7 2 5 3 6 14 5 6 9 16 8 11 4 6 5 2 13 7 11 6 15 4 15 3 16 2 5 11 16 5 4 20 10 6 16 11 17 1 19 13 7 10 8 15 9 10 17 4 7  
 10 12 11 14 5 5 6 11 7 18 10 11 4 4 16 16 15 20 6 4 20 8 16 3 18 10 7 5 9 16 3 2 5 15 14 13 8 17 15 6 3 16 16 3 7 10 14 1 10 10 12 17 11 11 1 10 18 7 3 5 4 12 19 10 16 1 4 12 16 8 8 16 8 17 18 14 20 16 2 20 2 7 11 8 15 7 1 8 17 5 10 12 8 19 1 16 1 11 12 18  
 17 9 6 19 16 14 17 2 10 6 3 17 2 15 10 14 2 5 13 12 10 19 13 4 2 3 3 20 12 6 14 20 1 16 6 17 3 4 6 16 9 20 17 14 3 2 5 17 4 17 8 12 3 7 10 20 16 14 16 20 19 14 15 12 8 3 18 19 9 2 5 4 3 18 13 8 3 2 19 15 6 1 18 3 19 10 20 16 15 18 18 20 20 1 5 20 15 15 18 16  
 20 7 7 8 6 9 19 9 17 10 15 5 15 17 14 3 16 19 10 19 3 14 19 10 3 5 12 7 13 17 10 7 11 6 16 14 7 13 19 10 14 2 10 11 5 18 10 19 7 9 5 14 6 1 6 14 2 8 5 6 6 1 20 7 5 12 16 14 10 14 19 1 1 2 10 13 17 13 1 4 4 18 9 20 20 12 16 10 20 16 11 15 17 12 18 10 20 20 15 5  
 13 13 5 13 1 3 5 13 8 13 14 9 20 20 15 7 4 7 14 6 8 3 10 14 17 20 5 18 10 4 5 18 4 2 8 3 1 14 18 8 16 19 11 8 20 6 3 11 5 5 15 13 9 10 8 18 19 4 2 12 17 4 10 19 20 6 12 18 8 1 20 18 16 14 7 17 16 4 9 12 19 16 19 7 5 3 18 3 5 10 19 1 19 2 13 17 8 7 7 3  
 16 14 16 18 18 19 8 5 18 9 4 7 13 18 9 13 1 11 12 10 19 6 3 17 19 6 9 4 17 11 7 8 14 20 2 4 12 19 2 18 7 3 9 19 11 20 8 20 14 11 10 4 8 17 12 5 12 12 19 7 11 15 16 8 4 2 10 6 19 20 1 6 14 8 8 2 8 1 5 5 10 19 5 14 1 20 7 20 16 3 12 14 7 7 6 7 12 5 13 12  
 8 15 4 2 14 1 20 8 12 16 11 2 8 9 18 19 7 12 7 9 13 18 9 8 20 1 16 1 8 3 2 15 7 9 1 12 4 20 7 5 1 6 7 1 8 5 13 8 19 4 13 16 12 13 14 19 5 16 15 13 2 11 9 17 11 11 7 11 5 19 16 13 5 3 15 6 12 17 3 18 1 8 15 18 18 15 12 19 6 7 9 18 18 15 17 13 2 18 17 15  
 6 18 2 12 12 18 11 18 2 1 8 4 11 10 20 9 6 1 17 11 12 7 8 13 16 7 15 15 6 5 16 19 12 4 18 5 9 7 13 1 4 1 8 20 17 4 9 5 13 16 1 15 4 18 18 3 10 17 8 3 3 2 1 16 2 10 20 7 14 15 12 12 11 1 11 11 1 19 20 3 13 5 10 11 10 6 3 1 13 15 2 19 12 17 11 6 13 2 6 6  
 18 19 9 17 2 7 14 6 13 14 20 12 14 2 12 18 18 9 15 7 2 4 15 1 4 9 17 11 1 9 8 5 18 10 15 15 16 18 10 14 10 4 12 5 2 16 11 10 6 12 20 10 10 19 7 9 3 6 11 11 15 20 8 3 9 7 15 5 1 7 9 10 15 6 6 10 14 20 10 8 3 3 3 1 17 14 17 13 2 8 17 6 3 4 12 4 3 12 16 14  
 ]

