nJ:10 
nI:100 

CostIJ:[  332 288 320 350 346 284 298 310 231 242 277 235 249 238 284 300 298 321 319 219 297 277 336 216 316 493 464 430 405 399 409 391 390 406 393 424 344 357 308 382 286 288 345 303 305 298 262 298 243 306 241 118 117 173 126 129 172 328 291 210 144 200 268 128 32 66 191 120 97 196 219 231 277 216 400 339 325 265 330 67 115 67 97 198 232 225 246 149 405 13 86 115 160 163 135 167 370 90 109 147  
 320 292 313 351 342 294 313 319 301 309 344 297 318 301 351 367 361 332 335 237 316 300 360 244 346 394 360 332 302 303 307 296 302 305 302 335 254 270 224 301 203 214 272 229 303 302 325 314 260 212 216 184 170 84 138 101 227 387 358 248 96 115 216 135 102 93 88 97 128 178 104 129 324 277 461 310 371 314 365 28 51 130 141 152 180 289 314 179 368 41 46 44 45 46 70 71 438 131 178 143  
 238 195 226 257 252 193 210 220 246 243 276 219 257 221 278 293 279 391 389 290 367 348 406 286 385 524 490 462 432 433 437 425 430 435 339 368 291 303 252 321 234 226 277 238 211 206 244 369 314 340 304 171 90 148 32 182 237 381 330 145 88 238 324 194 103 130 217 65 67 109 215 203 223 269 445 404 387 217 259 85 88 90 168 252 288 277 283 78 468 31 122 145 162 176 177 160 404 54 157 55  
 289 239 272 298 295 226 233 247 64 97 125 100 66 94 114 125 139 200 205 120 164 172 198 104 168 467 444 404 385 373 389 365 357 386 393 423 344 357 307 380 286 284 339 298 252 241 109 172 134 287 182 8 47 175 98 111 66 104 38 133 140 181 218 92 35 56 183 112 74 175 221 234 161 31 154 267 130 159 237 70 116 22 52 166 189 62 27 102 326 12 84 112 162 164 121 170 118 48 30 119  
 230 180 210 235 231 163 166 180 77 73 96 40 71 20 79 92 80 303 303 209 271 263 306 197 280 518 489 455 430 424 434 416 414 431 371 399 323 335 284 352 265 257 307 269 189 177 44 277 229 331 254 65 12 171 64 153 140 233 168 72 119 225 287 146 57 90 214 93 57 137 232 230 87 135 279 349 255 88 165 83 110 24 103 220 253 149 126 60 414 16 109 138 175 181 160 176 229 22 64 78  
 341 306 333 368 361 306 323 332 250 267 303 265 267 268 309 324 326 184 197 108 175 176 222 123 212 283 263 220 205 190 210 182 172 208 323 358 277 295 251 328 230 243 300 258 321 317 291 169 125 119 64 119 151 114 145 39 144 286 278 242 122 29 41 52 66 47 53 114 122 198 116 152 311 191 361 138 251 299 362 30 77 100 72 36 4 211 241 177 192 29 27 35 65 75 15 100 358 121 126 159  
 190 192 187 240 218 198 218 212 299 298 332 276 312 278 335 349 335 383 385 286 366 348 409 290 393 394 352 336 301 313 309 307 323 311 107 136 60 73 20 97 41 30 76 39 187 193 300 364 309 243 269 206 146 42 89 150 260 417 376 194 22 160 265 181 121 128 128 51 108 90 88 43 268 304 488 362 411 269 291 54 22 131 177 204 230 314 330 134 417 46 88 93 58 99 123 76 453 107 193 66  
 78 60 54 83 74 44 56 39 208 201 230 166 211 162 221 232 210 389 387 289 364 346 402 283 380 513 476 451 420 423 425 416 424 424 265 292 222 236 183 242 176 153 193 161 33 20 178 366 312 334 305 159 61 124 33 182 230 360 301 74 56 234 324 195 102 130 209 52 66 57 194 167 121 252 416 405 374 139 133 83 71 81 166 252 288 260 255 52 469 32 122 142 147 167 175 146 368 42 146 8  
 340 295 328 358 354 290 303 316 176 202 235 205 191 205 237 251 260 82 80 20 61 81 106 26 95 360 342 298 285 268 290 261 248 288 373 406 325 340 293 370 271 279 337 294 312 305 226 60 20 197 78 51 112 151 134 55 70 176 182 209 141 98 108 37 40 32 114 122 104 202 172 201 263 97 249 146 135 253 327 46 102 62 31 81 84 126 151 154 202 18 45 66 115 118 56 137 258 94 71 155  
 319 295 313 354 343 298 316 322 279 293 329 287 297 291 335 351 350 215 233 146 208 213 256 161 248 114 94 51 42 20 53 20 41 65 244 283 202 226 185 260 172 186 241 200 305 305 315 202 162 60 102 150 166 75 142 55 179 323 314 249 95 9 61 80 84 66 19 100 127 180 58 90 324 227 399 159 287 313 367 26 52 119 101 60 42 246 276 181 183 36 29 28 22 50 17 69 394 130 153 147  
 ]

demand:[ 1 1 1 1 1 1 1 1 1 1 1 1 1 1 1 1 1 1 1 1 1 1 1 1 1 1 1 1 1 1 1 1 1 1 1 1 1 1 1 1 1 1 1 1 1 1 1 1 1 1 1 1 1 1 1 1 1 1 1 1 1 1 1 1 1 1 1 1 1 1 1 1 1 1 1 1 1 1 1 1 1 1 1 1 1 1 1 1 1 1 1 1 1 1 1 1 1 1 1 1  ]

CostIJJ:[ 344 
309 
436 
436 
487 
377 
404 
466 
307 
311 
 ]

CapJ:[ 11 
7 
22 
22 
28 
15 
18 
26 
7 
8 
 ]

Pref:[  3 9 5 9 6 9 4 3 9 6 10 7 9 6 5 6 4 4 7 10 6 5 6 3 6 5 5 4 7 5 9 3 6 2 9 7 1 5 9 10 7 2 1 10 10 10 8 9 5 6 4 8 3 7 3 9 1 7 3 7 9 9 8 5 5 6 5 8 1 7 1 10 8 6 9 2 5 10 7 4 9 3 9 2 6 3 9 4 5 3 9 5 9 5 4 10 5 1 7 2  
 1 3 3 4 7 6 3 1 5 1 7 10 10 5 1 8 3 10 2 9 5 6 2 2 10 2 3 7 5 6 5 5 1 4 7 5 6 1 3 4 6 5 4 7 6 8 7 10 8 9 3 10 7 1 9 6 4 3 10 5 5 8 1 3 7 9 2 2 7 2 9 6 10 9 5 5 3 4 4 10 1 7 7 7 9 9 2 1 8 7 6 2 6 9 3 9 6 5 8 5  
 2 7 1 7 2 7 5 6 7 10 3 4 1 1 2 4 2 8 9 1 3 10 7 10 8 8 4 1 10 2 2 9 7 5 5 9 7 6 2 2 3 6 9 1 2 4 2 6 3 10 1 5 1 2 7 10 6 9 2 9 8 10 4 7 10 8 10 4 6 1 2 7 4 2 6 7 10 9 2 5 4 5 6 8 4 1 6 10 1 1 5 10 1 4 7 2 10 9 3 1  
 7 1 8 1 9 5 2 8 4 2 9 5 2 10 10 10 7 3 10 2 4 1 5 6 5 10 10 9 2 3 10 1 8 8 10 4 10 3 1 7 1 8 2 5 4 1 9 7 10 1 10 1 6 8 1 5 8 8 8 10 2 6 2 9 2 3 6 9 8 4 7 2 6 1 3 10 8 2 3 7 2 6 2 6 1 6 10 2 6 4 2 7 10 1 1 3 4 8 5 3  
 5 2 10 6 10 10 10 7 10 9 8 3 5 3 7 3 9 1 6 3 10 8 10 1 7 1 9 5 6 4 7 2 3 10 2 3 5 7 5 9 2 1 10 8 1 7 3 3 4 4 8 7 4 10 4 7 7 10 4 3 6 1 9 1 4 5 4 5 2 10 5 4 3 3 10 3 7 3 6 1 5 4 1 3 10 2 1 8 10 10 7 4 4 8 5 5 3 3 10 10  
 4 4 7 3 4 3 7 5 2 3 4 1 8 2 8 1 10 6 3 7 9 2 3 9 1 7 8 6 3 9 4 10 9 6 6 1 2 4 6 8 8 7 3 2 9 2 5 5 2 8 9 9 9 6 10 2 3 4 1 1 10 5 6 4 3 10 1 10 10 8 8 8 1 7 7 4 2 7 10 2 3 1 8 4 3 8 7 5 4 9 3 9 3 10 9 6 1 6 9 9  
 8 5 4 2 8 1 8 4 1 5 6 6 4 4 3 5 1 9 1 4 2 7 4 7 4 6 7 2 8 8 8 7 10 1 3 8 3 2 8 1 9 3 8 4 3 5 1 1 6 2 2 2 5 9 8 8 5 5 6 8 1 7 7 8 9 1 8 1 3 6 10 9 9 4 2 1 4 1 5 9 7 10 5 9 7 7 8 9 3 5 8 3 7 3 10 1 2 10 2 8  
 6 8 2 8 5 2 9 10 6 8 5 2 3 8 6 9 6 5 5 5 8 9 8 8 2 3 2 10 1 10 1 8 4 3 8 2 8 8 7 5 10 4 6 9 7 6 10 4 7 7 5 4 8 4 5 3 9 1 9 2 3 3 10 6 6 4 9 7 9 9 6 5 5 5 4 9 1 6 9 3 10 9 3 10 2 4 5 7 7 8 10 1 8 7 8 8 7 4 1 4  
 10 6 6 5 3 4 6 2 8 4 1 8 6 9 4 2 5 2 4 6 7 4 1 4 3 9 1 3 4 1 6 6 2 7 1 10 9 10 10 3 4 10 5 6 5 9 4 8 9 3 6 6 10 5 2 1 10 2 7 6 4 4 3 2 1 7 7 6 4 3 3 1 2 10 1 6 9 5 8 6 6 8 4 5 8 10 4 6 2 2 4 8 5 6 6 4 8 2 6 7  
 9 10 9 10 1 8 1 9 3 7 2 9 7 7 9 7 8 7 8 8 1 3 9 5 9 4 6 8 9 7 3 4 5 9 4 6 4 9 4 6 5 9 7 3 8 3 6 2 1 5 7 3 2 3 6 4 2 6 5 4 7 2 5 10 8 2 3 3 5 5 4 3 7 8 8 8 6 8 1 8 8 2 10 1 5 5 3 3 9 6 1 6 2 2 2 7 9 7 4 6  
 ]

