nJ:10 
nI:100 

CostIJ:[  116 169 110 123 104 155 136 156 149 135 154 319 295 313 354 383 298 316 322 97 121 136 124 136 199 146 155 181 176 184 279 293 329 287 297 291 335 371 350 106 99 129 99 122 133 167 117 145 130 151 164 150 215 233 146 248 213 256 161 248 53 57 106 58 28 43 30 66 48 114 94 47 51 113 117 42 20 53 20 41 65 86 60 89 115 51 70 111 60 45 66 244 283 202 226 185 260 172 186 241  
 137 190 112 125 106 146 126 134 129 95 117 264 215 249 277 314 209 221 235 21 40 40 28 27 80 35 36 65 61 65 204 203 237 183 217 186 240 275 245 139 124 143 101 138 139 164 102 142 105 131 147 112 363 361 263 377 319 375 257 353 182 173 207 173 114 137 109 161 128 527 496 197 464 250 138 437 434 442 427 429 439 321 277 285 293 230 242 270 211 182 193 370 399 322 334 283 353 264 258 310  
 61 106 45 48 43 63 57 55 39 25 29 76 61 55 80 117 51 65 52 42 55 61 33 57 110 41 57 67 76 58 214 207 237 173 218 170 228 260 218 167 152 172 129 168 169 194 132 172 135 160 177 142 391 389 290 406 348 404 286 383 198 184 212 191 122 152 118 182 145 510 474 211 449 258 76 417 421 423 414 422 422 279 236 238 243 191 204 220 166 147 144 262 289 218 233 180 238 172 150 190  
 146 199 122 135 115 155 135 142 136 103 123 251 200 232 257 293 185 190 205 23 47 48 38 25 90 40 31 62 28 45 62 60 80 55 62 51 87 123 105 84 73 88 54 76 72 102 48 69 45 56 65 42 287 287 195 296 248 290 182 264 148 147 190 137 97 109 91 122 98 510 483 166 447 226 148 423 416 428 409 406 424 322 278 288 298 231 244 275 215 185 198 380 408 332 344 293 362 273 267 318  
 88 140 84 96 79 128 111 130 122 113 129 290 271 285 328 355 275 295 297 99 119 135 118 139 199 141 155 177 179 181 306 312 348 299 323 303 354 390 362 156 143 172 135 169 179 207 151 189 163 190 206 181 333 338 241 360 305 363 250 351 122 109 138 123 59 91 60 127 93 341 303 122 281 169 90 248 255 254 249 262 254 112 68 78 95 20 40 82 28 21 35 231 266 185 204 161 238 143 158 214  
 156 212 140 156 133 186 162 181 176 153 175 344 306 335 368 402 306 322 332 88 114 128 119 125 189 139 144 173 162 175 262 276 311 270 280 274 318 354 333 94 84 114 82 109 120 151 100 131 113 136 150 133 271 273 174 294 237 297 181 283 57 40 104 56 21 26 20 59 31 403 376 67 340 119 153 317 309 321 302 299 318 237 196 214 230 156 170 212 151 120 145 356 389 308 323 277 353 254 263 321  
 167 223 148 164 140 192 168 185 181 153 176 340 295 328 358 394 290 303 316 67 95 106 100 94 162 115 113 146 122 143 176 202 235 205 191 205 237 271 260 27 27 52 32 35 43 82 43 51 51 60 65 66 82 80 20 101 81 106 26 95 35 57 121 29 33 28 30 23 24 360 342 47 298 128 163 285 268 290 261 248 288 244 206 226 244 170 184 228 167 136 162 373 406 325 340 293 370 271 279 337  
 34 84 20 20 20 53 43 56 46 44 54 216 196 210 252 280 201 221 222 74 88 101 76 107 161 96 115 131 141 132 286 284 318 261 298 263 320 354 320 185 169 193 151 191 196 222 160 203 168 196 214 181 400 400 300 420 360 420 300 402 192 175 201 188 113 147 110 182 143 483 445 201 422 246 48 389 394 395 387 397 394 251 208 211 215 163 175 193 138 119 116 265 294 218 230 178 248 161 152 205  
 168 224 146 162 139 187 163 178 173 142 166 323 276 309 338 375 269 281 295 50 78 87 82 72 141 95 91 125 100 120 173 190 225 189 191 192 231 267 250 42 32 47 21 35 35 60 22 42 29 45 59 46 260 258 161 273 217 270 153 249 107 111 160 96 68 73 62 81 62 472 446 125 409 190 166 387 378 391 370 365 388 301 259 273 285 214 227 265 203 171 191 393 424 344 357 308 382 286 288 344  
 27 70 31 35 30 63 57 68 53 57 64 190 192 187 240 258 198 218 212 85 101 115 90 120 176 111 130 145 156 147 299 298 332 276 312 278 335 369 335 182 167 193 152 191 198 225 164 207 173 202 220 189 383 385 286 406 348 409 290 393 169 152 177 168 94 129 93 167 129 394 352 173 336 217 44 301 313 309 307 323 311 154 116 117 121 85 100 106 62 58 45 107 136 60 73 20 97 41 30 76  
 ]

demand:[ 1 1 1 1 1 1 1 1 1 1 1 1 1 1 1 1 1 1 1 1 1 1 1 1 1 1 1 1 1 1 1 1 1 1 1 1 1 1 1 1 1 1 1 1 1 1 1 1 1 1 1 1 1 1 1 1 1 1 1 1 1 1 1 1 1 1 1 1 1 1 1 1 1 1 1 1 1 1 1 1 1 1 1 1 1 1 1 1 1 1 1 1 1 1 1 1 1 1 1 1  ]

CostIJJ:[ 344 
309 
436 
436 
487 
377 
404 
466 
307 
311 
 ]

CapJ:[ 11 
7 
21 
21 
27 
14 
18 
24 
7 
7 
 ]

Pref:[  9 10 2 9 10 3 10 3 1 4 3 1 4 6 6 8 5 7 2 1 9 6 6 4 4 6 2 2 4 8 4 2 2 7 10 9 2 5 5 7 4 3 9 4 5 10 4 2 8 2 6 9 1 4 2 9 2 8 6 1 4 3 5 10 7 4 8 7 3 2 5 4 10 3 3 9 2 10 8 2 4 8 1 3 3 4 10 1 2 4 2 8 6 8 9 8 9 7 9 3  
 10 6 6 8 3 7 2 8 6 8 2 2 6 9 3 2 8 6 1 10 2 1 8 7 8 2 1 7 6 7 7 8 5 9 4 6 4 2 2 9 2 7 8 6 6 7 2 6 5 6 8 8 8 10 9 6 9 5 9 6 3 1 1 2 10 9 9 6 5 8 6 3 5 7 7 3 7 4 7 4 8 2 10 7 4 2 4 3 6 9 3 1 10 1 5 5 8 8 3 7  
 4 3 3 2 7 5 7 4 8 5 8 6 7 10 9 5 4 9 5 9 5 10 5 9 2 1 10 9 3 1 10 10 10 10 8 1 10 1 10 2 9 1 6 10 9 3 3 7 4 3 5 6 6 6 6 1 5 3 2 8 7 4 9 6 1 3 7 1 4 10 9 6 8 8 2 7 3 3 10 6 7 1 2 9 7 10 1 6 4 2 10 6 9 10 2 2 1 5 6 4  
 3 5 4 7 6 10 1 6 10 7 6 10 8 3 1 7 9 5 3 3 1 9 9 6 9 7 9 6 9 4 6 4 1 5 5 8 9 7 4 4 7 2 4 2 3 1 5 8 6 5 10 10 4 2 3 10 7 6 7 2 8 8 7 3 4 7 2 3 9 9 8 9 6 5 9 8 9 7 3 10 10 4 8 10 8 7 2 10 5 5 4 10 1 5 1 10 6 2 8 9  
 8 2 9 10 1 6 6 9 4 1 7 4 3 1 10 3 7 3 10 6 6 2 2 2 1 9 6 8 8 2 5 7 4 6 3 7 3 6 8 10 6 4 2 9 7 5 9 4 9 1 9 4 9 3 1 5 8 4 3 9 6 2 8 8 8 10 3 4 8 3 7 1 3 4 10 4 4 6 5 9 1 6 7 5 1 8 5 2 7 10 1 7 7 9 8 4 5 1 5 2  
 6 7 7 6 4 8 3 7 2 6 9 8 2 5 8 1 2 4 8 4 4 3 4 5 5 8 5 5 10 9 1 5 7 2 7 5 8 9 1 5 3 5 7 1 10 9 1 5 2 9 2 7 3 9 8 8 10 2 4 4 9 7 2 7 2 6 6 9 2 5 2 10 7 1 1 1 6 8 2 5 3 9 9 4 10 3 6 9 3 6 6 5 5 2 7 9 2 9 7 10  
 7 1 8 1 9 2 9 10 5 3 1 9 5 4 4 6 10 10 9 2 3 7 10 10 3 3 3 1 1 3 3 1 9 1 2 4 1 8 7 8 1 6 5 8 1 2 6 3 7 8 4 2 7 1 10 2 4 7 1 3 10 6 10 9 5 2 10 10 6 4 10 7 1 2 6 10 8 1 1 1 2 5 4 8 5 1 8 4 10 7 7 4 2 7 10 3 7 10 2 1  
 1 9 10 5 2 1 5 5 3 2 5 5 10 2 5 10 6 8 6 5 10 8 3 1 10 4 4 4 2 5 9 3 3 3 6 2 6 3 6 1 5 8 3 3 8 8 10 10 10 7 3 3 10 8 4 4 3 9 8 10 2 9 3 1 3 5 4 5 7 6 3 8 9 6 5 2 10 9 4 7 5 3 3 6 2 9 9 8 8 1 8 3 4 3 3 1 3 3 4 6  
 5 8 1 4 8 4 8 1 7 10 4 7 9 7 2 4 3 2 7 7 7 4 1 8 6 10 7 3 5 10 8 9 6 4 1 10 5 10 9 3 8 9 1 7 2 4 8 9 1 4 1 5 5 5 7 3 6 10 10 5 5 10 4 4 9 8 5 8 1 1 1 2 2 9 4 5 5 5 6 8 6 7 6 2 9 5 3 7 9 8 5 2 3 4 6 7 4 6 10 5  
 2 4 5 3 5 9 4 2 9 9 10 3 1 8 7 9 1 1 4 8 8 5 7 3 7 5 8 10 7 6 2 6 8 8 9 3 7 4 3 6 10 10 10 5 4 6 7 1 3 10 7 1 2 7 5 7 1 1 5 7 1 5 6 5 6 1 1 2 10 7 4 5 4 10 8 6 1 2 9 3 9 10 5 1 6 6 7 5 1 3 9 9 8 6 4 6 10 4 1 8  
 ]

