nJ: 10 
nI: 50 

CostIJ:[  260 239 418 557 346 161 288 568 379 392 672 268 122 295 344 143 393 29 656 654 235 329 640 517 329 524 318 516 79 414 458 758 28 167 504 502 475 226 94 422 303 139 362 519 494 88 468 72 370 68  
 580 484 34 386 180 522 338 636 523 28 646 652 319 423 712 242 486 401 551 812 155 585 482 604 200 284 80 195 426 107 387 516 374 234 495 584 612 239 392 507 145 459 104 286 701 463 467 349 574 344  
 335 212 369 258 455 348 33 302 181 329 363 504 376 99 502 262 140 310 335 466 249 285 328 263 149 274 345 337 288 284 140 467 338 215 192 243 267 403 244 162 202 270 411 267 364 400 156 356 248 348  
 415 347 240 474 179 336 281 603 442 219 666 451 117 338 525 59 428 205 611 738 84 451 569 559 229 409 135 367 241 261 414 653 170 94 496 540 541 97 218 456 174 286 180 406 598 258 461 142 466 138  
 363 276 603 349 694 441 258 73 120 564 218 576 582 204 519 484 108 474 294 237 487 256 354 23 383 432 586 532 432 508 235 524 519 442 138 9 72 631 402 80 441 385 651 424 200 552 141 550 179 543  
 624 507 173 228 365 598 323 548 489 157 516 746 464 410 779 357 436 501 399 748 268 594 317 529 184 113 255 25 509 88 281 332 492 326 394 510 559 408 466 449 190 522 288 118 671 580 375 480 560 474  
 677 554 409 90 593 691 374 436 467 387 340 847 643 434 846 523 405 632 200 648 451 610 104 440 311 132 476 237 622 309 222 124 642 479 293 425 498 614 576 401 361 612 519 132 626 720 297 644 551 637  
 382 354 782 540 850 490 422 186 240 742 340 587 700 345 493 622 274 567 458 61 646 276 533 180 562 625 751 724 518 693 428 702 620 586 328 197 147 770 501 256 614 460 817 617 113 627 334 659 223 652  
 101 162 566 607 519 14 320 505 316 535 642 155 295 276 180 296 356 148 664 538 378 203 673 453 423 607 477 630 108 539 485 816 200 299 492 443 392 401 142 380 422 83 528 600 368 161 460 244 269 242  
 567 462 603 240 746 628 357 183 317 569 54 774 701 355 730 585 268 626 96 381 553 467 187 213 412 354 626 474 595 496 213 345 660 537 137 209 289 718 555 245 478 559 686 347 411 713 172 681 392 673  
 ]

demand:[ 1 1 1 1 1 1 1 1 1 1 1 1 1 1 1 1 1 1 1 1 1 1 1 1 1 1 1 1 1 1 1 1 1 1 1 1 1 1 1 1 1 1 1 1 1 1 1 1 1 1  ]

CostJ:[ 366 
314 
504 
504 
580 
415 
456 
549 
310 
316 
 ]

CapJ:[ 11 
11 
11 
11 
11 
11 
11 
11 
11 
11 
 ]

Pref:[  10 10 9 10 9 1 6 4 10 7 8 3 2 8 7 4 1 2 10 2 3 9 7 7 1 10 5 7 10 6 2 7 7 3 4 8 2 3 5 7 8 9 5 3 7 7 3 5 1 1  
 3 5 2 1 3 5 8 6 9 10 3 8 9 4 5 7 10 8 6 7 10 7 3 3 6 4 1 3 7 10 5 4 2 10 2 10 5 10 10 4 1 6 1 10 4 3 6 4 4 7  
 6 7 5 3 8 6 7 1 5 4 6 5 6 9 8 6 9 6 2 9 4 8 9 6 2 1 2 4 1 5 4 9 3 4 7 9 9 4 1 8 5 2 2 8 1 2 10 9 3 3  
 8 9 6 9 4 4 2 9 6 3 1 1 5 3 10 8 3 4 9 8 7 2 1 8 10 6 9 1 2 1 10 1 1 2 10 6 10 6 7 9 6 5 8 7 3 6 5 8 2 4  
 1 2 3 2 1 2 9 5 1 2 10 9 4 2 1 2 5 7 1 5 2 10 6 10 5 3 4 2 3 3 9 8 10 9 6 3 3 5 6 6 10 4 4 5 2 4 7 10 8 10  
 7 6 1 7 7 7 5 3 7 6 9 4 1 5 6 3 6 1 7 3 8 5 4 9 8 8 10 9 4 4 6 2 5 6 8 2 6 7 9 1 7 10 10 1 8 9 8 7 6 5  
 2 8 10 5 10 8 10 2 8 8 5 7 10 6 9 9 4 9 5 1 5 3 2 2 7 9 3 8 6 2 7 6 8 7 3 7 4 8 8 3 2 8 3 6 5 5 2 6 10 2  
 9 1 4 4 2 10 1 8 4 5 2 2 3 1 2 5 2 3 3 6 6 6 5 5 9 2 7 5 5 7 1 3 6 5 1 1 8 9 2 5 4 7 9 9 9 1 9 3 9 6  
 5 3 7 8 6 3 4 10 2 1 7 10 8 7 3 10 7 5 8 4 1 4 10 1 4 7 6 6 8 9 8 10 9 8 5 4 7 1 4 10 9 3 6 4 6 8 4 2 7 8  
 4 4 8 6 5 9 3 7 3 9 4 6 7 10 4 1 8 10 4 10 9 1 8 4 3 5 8 10 9 8 3 5 4 1 9 5 1 2 3 2 3 1 7 2 10 10 1 1 5 9  
 ]

