nI: 50
nJ: 10
CapsJ: 12
nIns: 5
CostJ: [(1) 124 (2) 117 (3) 115 (4) 126 (5) 105 (6) 108 (7) 121 (8) 108 (9) 103 (10) 110]
CapJ: [(1) 12 (2) 12 (3) 12 (4) 12 (5) 12 (6) 12 (7) 12 (8) 12 (9) 12 (10) 12]
CostIJ: [(1 1) 11 (1 2) 17 (1 3) 28 (1 4) 30 (1 5) 22 (1 6) 26 (1 7) 10 (1 8) 16 (1
 9) 24 (1 10) 24 (2 1) 26 (2 2) 30 (2 3) 14 (2 4) 23 (2 5) 25 (2 6) 12 (2 7) 24
 (2 8) 15 (2 9) 17 (2 10) 29 (3 1) 25 (3 2) 15 (3 3) 17 (3 4) 27 (3 5) 11 (3
 6) 25 (3 7) 26 (3 8) 15 (3 9) 21 (3 10) 30 (4 1) 28 (4 2) 13 (4 3) 27 (4 4) 16
 (4 5) 22 (4 6) 13 (4 7) 29 (4 8) 14 (4 9) 16 (4 10) 23 (5 1) 23 (5 2) 24 (5
 3) 13 (5 4) 18 (5 5) 15 (5 6) 29 (5 7) 26 (5 8) 30 (5 9) 18 (5 10) 26 (6 1) 18
 (6 2) 30 (6 3) 23 (6 4) 13 (6 5) 28 (6 6) 11 (6 7) 20 (6 8) 18 (6 9) 28 (6
 10) 22 (7 1) 21 (7 2) 22 (7 3) 20 (7 4) 22 (7 5) 27 (7 6) 20 (7 7) 20 (7 8) 23
 (7 9) 11 (7 10) 24 (8 1) 27 (8 2) 22 (8 3) 21 (8 4) 24 (8 5) 28 (8 6) 21 (8
 7) 13 (8 8) 23 (8 9) 30 (8 10) 12 (9 1) 17 (9 2) 19 (9 3) 20 (9 4) 20 (9 5) 29
 (9 6) 13 (9 7) 30 (9 8) 19 (9 9) 22 (9 10) 22 (10 1) 24 (10 2) 26 (10 3) 12
 (10 4) 28 (10 5) 23 (10 6) 15 (10 7) 17 (10 8) 23 (10 9) 13 (10 10) 11 (11
 1) 26 (11 2) 17 (11 3) 28 (11 4) 11 (11 5) 16 (11 6) 13 (11 7) 20 (11 8) 19
 (11 9) 12 (11 10) 15 (12 1) 25 (12 2) 21 (12 3) 17 (12 4) 12 (12 5) 26 (12
 6) 27 (12 7) 24 (12 8) 24 (12 9) 18 (12 10) 24 (13 1) 30 (13 2) 13 (13 3) 25
 (13 4) 21 (13 5) 22 (13 6) 28 (13 7) 30 (13 8) 18 (13 9) 13 (13 10) 12 (14
 1) 15 (14 2) 25 (14 3) 22 (14 4) 23 (14 5) 27 (14 6) 15 (14 7) 18 (14 8) 26
 (14 9) 20 (14 10) 16 (15 1) 26 (15 2) 15 (15 3) 16 (15 4) 21 (15 5) 16 (15
 6) 25 (15 7) 22 (15 8) 26 (15 9) 17 (15 10) 10 (16 1) 24 (16 2) 24 (16 3) 19
 (16 4) 13 (16 5) 29 (16 6) 28 (16 7) 27 (16 8) 13 (16 9) 25 (16 10) 28 (17
 1) 22 (17 2) 13 (17 3) 26 (17 4) 11 (17 5) 29 (17 6) 20 (17 7) 11 (17 8) 10
 (17 9) 25 (17 10) 12 (18 1) 12 (18 2) 26 (18 3) 17 (18 4) 10 (18 5) 23 (18
 6) 20 (18 7) 13 (18 8) 30 (18 9) 13 (18 10) 30 (19 1) 19 (19 2) 20 (19 3) 22
 (19 4) 25 (19 5) 13 (19 6) 20 (19 7) 12 (19 8) 27 (19 9) 30 (19 10) 18 (20
 1) 18 (20 2) 13 (20 3) 18 (20 4) 18 (20 5) 25 (20 6) 29 (20 7) 22 (20 8) 19
 (20 9) 16 (20 10) 20 (21 1) 17 (21 2) 23 (21 3) 19 (21 4) 20 (21 5) 23 (21
 6) 20 (21 7) 30 (21 8) 26 (21 9) 11 (21 10) 12 (22 1) 23 (22 2) 14 (22 3) 20
 (22 4) 19 (22 5) 11 (22 6) 24 (22 7) 17 (22 8) 21 (22 9) 18 (22 10) 16 (23
 1) 26 (23 2) 27 (23 3) 16 (23 4) 12 (23 5) 26 (23 6) 29 (23 7) 30 (23 8) 28
 (23 9) 10 (23 10) 30 (24 1) 23 (24 2) 26 (24 3) 26 (24 4) 15 (24 5) 16 (24
 6) 20 (24 7) 28 (24 8) 18 (24 9) 19 (24 10) 15 (25 1) 26 (25 2) 19 (25 3) 10
 (25 4) 28 (25 5) 27 (25 6) 15 (25 7) 22 (25 8) 12 (25 9) 29 (25 10) 10 (26
 1) 21 (26 2) 17 (26 3) 18 (26 4) 23 (26 5) 20 (26 6) 21 (26 7) 28 (26 8) 18
 (26 9) 24 (26 10) 12 (27 1) 24 (27 2) 19 (27 3) 22 (27 4) 26 (27 5) 14 (27
 6) 26 (27 7) 19 (27 8) 27 (27 9) 15 (27 10) 24 (28 1) 15 (28 2) 23 (28 3) 11
 (28 4) 29 (28 5) 24 (28 6) 12 (28 7) 19 (28 8) 16 (28 9) 22 (28 10) 28 (29
 1) 19 (29 2) 12 (29 3) 24 (29 4) 14 (29 5) 30 (29 6) 27 (29 7) 21 (29 8) 13
 (29 9) 25 (29 10) 18 (30 1) 24 (30 2) 11 (30 3) 29 (30 4) 11 (30 5) 13 (30
 6) 11 (30 7) 30 (30 8) 10 (30 9) 30 (30 10) 12 (31 1) 11 (31 2) 16 (31 3) 10
 (31 4) 19 (31 5) 18 (31 6) 19 (31 7) 14 (31 8) 18 (31 9) 21 (31 10) 29 (32
 1) 19 (32 2) 17 (32 3) 22 (32 4) 15 (32 5) 15 (32 6) 28 (32 7) 15 (32 8) 30
 (32 9) 14 (32 10) 12 (33 1) 24 (33 2) 24 (33 3) 28 (33 4) 26 (33 5) 16 (33
 6) 19 (33 7) 24 (33 8) 22 (33 9) 24 (33 10) 10 (34 1) 14 (34 2) 26 (34 3) 19
 (34 4) 11 (34 5) 20 (34 6) 13 (34 7) 27 (34 8) 16 (34 9) 25 (34 10) 23 (35
 1) 26 (35 2) 26 (35 3) 18 (35 4) 23 (35 5) 19 (35 6) 29 (35 7) 21 (35 8) 29
 (35 9) 10 (35 10) 13 (36 1) 22 (36 2) 30 (36 3) 11 (36 4) 13 (36 5) 21 (36
 6) 25 (36 7) 23 (36 8) 18 (36 9) 24 (36 10) 26 (37 1) 12 (37 2) 23 (37 3) 22
 (37 4) 16 (37 5) 22 (37 6) 18 (37 7) 25 (37 8) 16 (37 9) 19 (37 10) 15 (38
 1) 13 (38 2) 29 (38 3) 13 (38 4) 26 (38 5) 16 (38 6) 27 (38 7) 20 (38 8) 23
 (38 9) 23 (38 10) 27 (39 1) 23 (39 2) 28 (39 3) 29 (39 4) 30 (39 5) 30 (39
 6) 30 (39 7) 11 (39 8) 12 (39 9) 24 (39 10) 11 (40 1) 29 (40 2) 29 (40 3) 24
 (40 4) 24 (40 5) 22 (40 6) 22 (40 7) 13 (40 8) 17 (40 9) 26 (40 10) 29 (41
 1) 26 (41 2) 29 (41 3) 24 (41 4) 23 (41 5) 29 (41 6) 25 (41 7) 26 (41 8) 14
 (41 9) 13 (41 10) 12 (42 1) 19 (42 2) 15 (42 3) 12 (42 4) 28 (42 5) 16 (42
 6) 17 (42 7) 17 (42 8) 27 (42 9) 28 (42 10) 14 (43 1) 30 (43 2) 26 (43 3) 26
 (43 4) 27 (43 5) 15 (43 6) 18 (43 7) 19 (43 8) 15 (43 9) 25 (43 10) 25 (44
 1) 25 (44 2) 23 (44 3) 23 (44 4) 22 (44 5) 10 (44 6) 25 (44 7) 28 (44 8) 17
 (44 9) 11 (44 10) 16 (45 1) 22 (45 2) 25 (45 3) 23 (45 4) 12 (45 5) 29 (45
 6) 10 (45 7) 11 (45 8) 10 (45 9) 28 (45 10) 20 (46 1) 17 (46 2) 12 (46 3) 21
 (46 4) 29 (46 5) 24 (46 6) 22 (46 7) 13 (46 8) 18 (46 9) 24 (46 10) 29 (47
 1) 24 (47 2) 10 (47 3) 19 (47 4) 22 (47 5) 10 (47 6) 27 (47 7) 11 (47 8) 29
 (47 9) 19 (47 10) 26 (48 1) 16 (48 2) 20 (48 3) 15 (48 4) 17 (48 5) 25 (48
 6) 10 (48 7) 16 (48 8) 28 (48 9) 22 (48 10) 10 (49 1) 22 (49 2) 12 (49 3) 12
 (49 4) 28 (49 5) 16 (49 6) 25 (49 7) 24 (49 8) 17 (49 9) 30 (49 10) 30 (50
 1) 24 (50 2) 18 (50 3) 21 (50 4) 15 (50 5) 22 (50 6) 14 (50 7) 17 (50 8) 30
 (50 9) 12 (50 10) 14]
Pref: [(1 1) 1 (1 2) 8 (1 3) 6 (1 4) 5 (1 5) 10 (1 6) 3 (1 7) 2 (1 8) 9 (1 9) 4 (1
 10) 7 (2 1) 6 (2 2) 7 (2 3) 2 (2 4) 1 (2 5) 3 (2 6) 9 (2 7) 8 (2 8) 4 (2 9) 5
 (2 10) 10 (3 1) 9 (3 2) 4 (3 3) 2 (3 4) 3 (3 5) 6 (3 6) 1 (3 7) 5 (3 8) 7
 (3 9) 10 (3 10) 8 (4 1) 8 (4 2) 3 (4 3) 5 (4 4) 6 (4 5) 7 (4 6) 4 (4 7) 10
 (4 8) 1 (4 9) 9 (4 10) 2 (5 1) 1 (5 2) 7 (5 3) 4 (5 4) 8 (5 5) 9 (5 6) 10
 (5 7) 2 (5 8) 3 (5 9) 6 (5 10) 5 (6 1) 3 (6 2) 7 (6 3) 4 (6 4) 5 (6 5) 2 (6
 6) 1 (6 7) 9 (6 8) 8 (6 9) 10 (6 10) 6 (7 1) 1 (7 2) 7 (7 3) 4 (7 4) 5 (7
 5) 3 (7 6) 6 (7 7) 2 (7 8) 8 (7 9) 9 (7 10) 10 (8 1) 8 (8 2) 4 (8 3) 6 (8
 4) 1 (8 5) 9 (8 6) 5 (8 7) 2 (8 8) 7 (8 9) 3 (8 10) 10 (9 1) 1 (9 2) 3 (9
 3) 5 (9 4) 2 (9 5) 9 (9 6) 4 (9 7) 10 (9 8) 8 (9 9) 7 (9 10) 6 (10 1) 2 (10
 2) 4 (10 3) 6 (10 4) 10 (10 5) 5 (10 6) 1 (10 7) 8 (10 8) 9 (10 9) 7 (10 10) 3
 (11 1) 5 (11 2) 4 (11 3) 7 (11 4) 10 (11 5) 8 (11 6) 6 (11 7) 3 (11 8) 2 (11
 9) 1 (11 10) 9 (12 1) 6 (12 2) 5 (12 3) 10 (12 4) 9 (12 5) 2 (12 6) 4 (12
 7) 8 (12 8) 1 (12 9) 3 (12 10) 7 (13 1) 7 (13 2) 3 (13 3) 1 (13 4) 8 (13 5) 4
 (13 6) 9 (13 7) 6 (13 8) 5 (13 9) 2 (13 10) 10 (14 1) 8 (14 2) 5 (14 3) 2
 (14 4) 9 (14 5) 10 (14 6) 7 (14 7) 1 (14 8) 3 (14 9) 4 (14 10) 6 (15 1) 6
 (15 2) 5 (15 3) 7 (15 4) 3 (15 5) 10 (15 6) 4 (15 7) 1 (15 8) 8 (15 9) 9 (15
 10) 2 (16 1) 9 (16 2) 2 (16 3) 8 (16 4) 4 (16 5) 6 (16 6) 5 (16 7) 1 (16 8) 3
 (16 9) 7 (16 10) 10 (17 1) 7 (17 2) 3 (17 3) 10 (17 4) 5 (17 5) 9 (17 6) 2
 (17 7) 6 (17 8) 8 (17 9) 4 (17 10) 1 (18 1) 6 (18 2) 5 (18 3) 1 (18 4) 9 (18
 5) 10 (18 6) 7 (18 7) 2 (18 8) 4 (18 9) 8 (18 10) 3 (19 1) 4 (19 2) 5 (19
 3) 10 (19 4) 8 (19 5) 7 (19 6) 6 (19 7) 3 (19 8) 1 (19 9) 2 (19 10) 9 (20
 1) 3 (20 2) 1 (20 3) 10 (20 4) 5 (20 5) 4 (20 6) 8 (20 7) 9 (20 8) 2 (20 9) 7
 (20 10) 6 (21 1) 4 (21 2) 5 (21 3) 10 (21 4) 8 (21 5) 1 (21 6) 6 (21 7) 9
 (21 8) 3 (21 9) 7 (21 10) 2 (22 1) 9 (22 2) 7 (22 3) 3 (22 4) 6 (22 5) 8 (22
 6) 2 (22 7) 4 (22 8) 5 (22 9) 10 (22 10) 1 (23 1) 1 (23 2) 8 (23 3) 5 (23
 4) 7 (23 5) 6 (23 6) 2 (23 7) 3 (23 8) 9 (23 9) 4 (23 10) 10 (24 1) 2 (24
 2) 9 (24 3) 8 (24 4) 3 (24 5) 7 (24 6) 1 (24 7) 6 (24 8) 5 (24 9) 4 (24 10) 10
 (25 1) 4 (25 2) 3 (25 3) 10 (25 4) 7 (25 5) 6 (25 6) 8 (25 7) 1 (25 8) 9 (25
 9) 2 (25 10) 5 (26 1) 2 (26 2) 8 (26 3) 10 (26 4) 9 (26 5) 4 (26 6) 7 (26
 7) 3 (26 8) 5 (26 9) 1 (26 10) 6 (27 1) 10 (27 2) 7 (27 3) 4 (27 4) 3 (27
 5) 2 (27 6) 8 (27 7) 5 (27 8) 9 (27 9) 1 (27 10) 6 (28 1) 3 (28 2) 8 (28 3) 7
 (28 4) 4 (28 5) 1 (28 6) 9 (28 7) 5 (28 8) 6 (28 9) 2 (28 10) 10 (29 1) 6
 (29 2) 4 (29 3) 3 (29 4) 9 (29 5) 7 (29 6) 10 (29 7) 8 (29 8) 5 (29 9) 1 (29
 10) 2 (30 1) 3 (30 2) 7 (30 3) 8 (30 4) 6 (30 5) 1 (30 6) 10 (30 7) 2 (30
 8) 5 (30 9) 9 (30 10) 4 (31 1) 2 (31 2) 4 (31 3) 3 (31 4) 6 (31 5) 10 (31
 6) 7 (31 7) 8 (31 8) 1 (31 9) 5 (31 10) 9 (32 1) 3 (32 2) 2 (32 3) 4 (32 4) 7
 (32 5) 6 (32 6) 5 (32 7) 10 (32 8) 1 (32 9) 8 (32 10) 9 (33 1) 4 (33 2) 10
 (33 3) 6 (33 4) 3 (33 5) 7 (33 6) 5 (33 7) 8 (33 8) 2 (33 9) 1 (33 10) 9 (34
 1) 1 (34 2) 7 (34 3) 3 (34 4) 2 (34 5) 5 (34 6) 8 (34 7) 10 (34 8) 9 (34 9) 6
 (34 10) 4 (35 1) 7 (35 2) 6 (35 3) 2 (35 4) 4 (35 5) 5 (35 6) 9 (35 7) 10
 (35 8) 1 (35 9) 3 (35 10) 8 (36 1) 5 (36 2) 6 (36 3) 10 (36 4) 2 (36 5) 9
 (36 6) 3 (36 7) 4 (36 8) 7 (36 9) 1 (36 10) 8 (37 1) 7 (37 2) 1 (37 3) 2 (37
 4) 4 (37 5) 6 (37 6) 5 (37 7) 10 (37 8) 8 (37 9) 9 (37 10) 3 (38 1) 1 (38
 2) 5 (38 3) 8 (38 4) 2 (38 5) 10 (38 6) 4 (38 7) 3 (38 8) 9 (38 9) 6 (38 10) 7
 (39 1) 1 (39 2) 3 (39 3) 10 (39 4) 5 (39 5) 8 (39 6) 7 (39 7) 2 (39 8) 6 (39
 9) 9 (39 10) 4 (40 1) 6 (40 2) 7 (40 3) 9 (40 4) 1 (40 5) 8 (40 6) 2 (40 7) 10
 (40 8) 4 (40 9) 5 (40 10) 3 (41 1) 2 (41 2) 3 (41 3) 7 (41 4) 8 (41 5) 1 (41
 6) 10 (41 7) 6 (41 8) 4 (41 9) 9 (41 10) 5 (42 1) 8 (42 2) 2 (42 3) 3 (42
 4) 9 (42 5) 7 (42 6) 5 (42 7) 10 (42 8) 6 (42 9) 4 (42 10) 1 (43 1) 2 (43
 2) 6 (43 3) 9 (43 4) 7 (43 5) 1 (43 6) 10 (43 7) 3 (43 8) 5 (43 9) 4 (43 10) 8
 (44 1) 3 (44 2) 4 (44 3) 9 (44 4) 8 (44 5) 7 (44 6) 6 (44 7) 1 (44 8) 5 (44
 9) 10 (44 10) 2 (45 1) 4 (45 2) 2 (45 3) 7 (45 4) 10 (45 5) 8 (45 6) 5 (45
 7) 1 (45 8) 9 (45 9) 3 (45 10) 6 (46 1) 9 (46 2) 5 (46 3) 7 (46 4) 1 (46 5) 8
 (46 6) 6 (46 7) 10 (46 8) 2 (46 9) 3 (46 10) 4 (47 1) 7 (47 2) 4 (47 3) 9
 (47 4) 2 (47 5) 3 (47 6) 1 (47 7) 8 (47 8) 10 (47 9) 5 (47 10) 6 (48 1) 7
 (48 2) 6 (48 3) 1 (48 4) 3 (48 5) 9 (48 6) 10 (48 7) 5 (48 8) 8 (48 9) 2 (48
 10) 4 (49 1) 2 (49 2) 8 (49 3) 9 (49 4) 5 (49 5) 6 (49 6) 10 (49 7) 3 (49
 8) 1 (49 9) 4 (49 10) 7 (50 1) 9 (50 2) 5 (50 3) 2 (50 4) 6 (50 5) 7 (50 6) 8
 (50 7) 4 (50 8) 10 (50 9) 1 (50 10) 3]
