nI: 50
nJ: 10
CapsJ: 12
nIns: 1
CostJ: [(1) 109 (2) 127 (3) 114 (4) 114 (5) 109 (6) 127 (7) 121 (8) 123 (9) 105 (10) 126]
CapJ: [(1) 12 (2) 12 (3) 12 (4) 12 (5) 12 (6) 12 (7) 12 (8) 12 (9) 12 (10) 12]
CostIJ: [(1 1) 17 (1 2) 25 (1 3) 24 (1 4) 21 (1 5) 20 (1 6) 12 (1 7) 13 (1 8) 12 (1
 9) 28 (1 10) 27 (2 1) 11 (2 2) 24 (2 3) 12 (2 4) 21 (2 5) 18 (2 6) 29 (2 7) 15
 (2 8) 30 (2 9) 27 (2 10) 15 (3 1) 27 (3 2) 10 (3 3) 12 (3 4) 28 (3 5) 29 (3
 6) 12 (3 7) 11 (3 8) 20 (3 9) 17 (3 10) 22 (4 1) 16 (4 2) 22 (4 3) 19 (4 4) 30
 (4 5) 30 (4 6) 19 (4 7) 24 (4 8) 13 (4 9) 25 (4 10) 20 (5 1) 16 (5 2) 26 (5
 3) 27 (5 4) 14 (5 5) 17 (5 6) 11 (5 7) 19 (5 8) 30 (5 9) 13 (5 10) 26 (6 1) 22
 (6 2) 24 (6 3) 12 (6 4) 25 (6 5) 19 (6 6) 29 (6 7) 13 (6 8) 17 (6 9) 10 (6
 10) 26 (7 1) 25 (7 2) 27 (7 3) 14 (7 4) 27 (7 5) 30 (7 6) 19 (7 7) 24 (7 8) 21
 (7 9) 21 (7 10) 18 (8 1) 20 (8 2) 19 (8 3) 11 (8 4) 16 (8 5) 21 (8 6) 11 (8
 7) 11 (8 8) 18 (8 9) 11 (8 10) 18 (9 1) 11 (9 2) 10 (9 3) 27 (9 4) 25 (9 5) 29
 (9 6) 14 (9 7) 25 (9 8) 15 (9 9) 14 (9 10) 15 (10 1) 17 (10 2) 18 (10 3) 13
 (10 4) 26 (10 5) 12 (10 6) 28 (10 7) 16 (10 8) 11 (10 9) 17 (10 10) 13 (11
 1) 26 (11 2) 25 (11 3) 22 (11 4) 28 (11 5) 28 (11 6) 29 (11 7) 30 (11 8) 15
 (11 9) 20 (11 10) 23 (12 1) 23 (12 2) 29 (12 3) 16 (12 4) 10 (12 5) 22 (12
 6) 29 (12 7) 25 (12 8) 14 (12 9) 19 (12 10) 19 (13 1) 30 (13 2) 22 (13 3) 22
 (13 4) 20 (13 5) 28 (13 6) 23 (13 7) 27 (13 8) 28 (13 9) 25 (13 10) 11 (14
 1) 20 (14 2) 26 (14 3) 21 (14 4) 26 (14 5) 29 (14 6) 10 (14 7) 18 (14 8) 24
 (14 9) 12 (14 10) 18 (15 1) 27 (15 2) 26 (15 3) 25 (15 4) 21 (15 5) 19 (15
 6) 11 (15 7) 13 (15 8) 26 (15 9) 12 (15 10) 27 (16 1) 22 (16 2) 26 (16 3) 13
 (16 4) 15 (16 5) 19 (16 6) 27 (16 7) 17 (16 8) 19 (16 9) 23 (16 10) 16 (17
 1) 11 (17 2) 28 (17 3) 22 (17 4) 12 (17 5) 25 (17 6) 12 (17 7) 18 (17 8) 23
 (17 9) 16 (17 10) 24 (18 1) 26 (18 2) 20 (18 3) 25 (18 4) 11 (18 5) 19 (18
 6) 19 (18 7) 19 (18 8) 22 (18 9) 21 (18 10) 26 (19 1) 30 (19 2) 25 (19 3) 25
 (19 4) 21 (19 5) 22 (19 6) 25 (19 7) 22 (19 8) 17 (19 9) 11 (19 10) 18 (20
 1) 22 (20 2) 29 (20 3) 21 (20 4) 21 (20 5) 27 (20 6) 10 (20 7) 17 (20 8) 20
 (20 9) 10 (20 10) 22 (21 1) 11 (21 2) 12 (21 3) 17 (21 4) 29 (21 5) 28 (21
 6) 20 (21 7) 18 (21 8) 16 (21 9) 13 (21 10) 16 (22 1) 27 (22 2) 21 (22 3) 14
 (22 4) 26 (22 5) 25 (22 6) 28 (22 7) 19 (22 8) 10 (22 9) 26 (22 10) 13 (23
 1) 11 (23 2) 28 (23 3) 21 (23 4) 27 (23 5) 17 (23 6) 20 (23 7) 28 (23 8) 27
 (23 9) 16 (23 10) 19 (24 1) 27 (24 2) 18 (24 3) 22 (24 4) 19 (24 5) 22 (24
 6) 27 (24 7) 13 (24 8) 24 (24 9) 29 (24 10) 30 (25 1) 24 (25 2) 24 (25 3) 29
 (25 4) 19 (25 5) 23 (25 6) 11 (25 7) 22 (25 8) 13 (25 9) 12 (25 10) 12 (26
 1) 27 (26 2) 19 (26 3) 11 (26 4) 26 (26 5) 23 (26 6) 18 (26 7) 11 (26 8) 10
 (26 9) 30 (26 10) 28 (27 1) 18 (27 2) 28 (27 3) 19 (27 4) 28 (27 5) 20 (27
 6) 26 (27 7) 18 (27 8) 26 (27 9) 16 (27 10) 27 (28 1) 12 (28 2) 11 (28 3) 14
 (28 4) 11 (28 5) 24 (28 6) 26 (28 7) 18 (28 8) 24 (28 9) 24 (28 10) 26 (29
 1) 20 (29 2) 22 (29 3) 17 (29 4) 27 (29 5) 29 (29 6) 12 (29 7) 23 (29 8) 10
 (29 9) 20 (29 10) 25 (30 1) 20 (30 2) 22 (30 3) 24 (30 4) 27 (30 5) 19 (30
 6) 15 (30 7) 24 (30 8) 24 (30 9) 12 (30 10) 21 (31 1) 11 (31 2) 11 (31 3) 28
 (31 4) 20 (31 5) 27 (31 6) 29 (31 7) 26 (31 8) 23 (31 9) 20 (31 10) 22 (32
 1) 22 (32 2) 17 (32 3) 11 (32 4) 23 (32 5) 25 (32 6) 24 (32 7) 24 (32 8) 20
 (32 9) 10 (32 10) 16 (33 1) 27 (33 2) 21 (33 3) 21 (33 4) 20 (33 5) 22 (33
 6) 17 (33 7) 20 (33 8) 22 (33 9) 21 (33 10) 11 (34 1) 19 (34 2) 18 (34 3) 27
 (34 4) 29 (34 5) 24 (34 6) 26 (34 7) 29 (34 8) 16 (34 9) 11 (34 10) 30 (35
 1) 19 (35 2) 24 (35 3) 16 (35 4) 25 (35 5) 10 (35 6) 23 (35 7) 20 (35 8) 27
 (35 9) 15 (35 10) 10 (36 1) 15 (36 2) 16 (36 3) 15 (36 4) 26 (36 5) 10 (36
 6) 18 (36 7) 11 (36 8) 29 (36 9) 22 (36 10) 11 (37 1) 18 (37 2) 19 (37 3) 28
 (37 4) 22 (37 5) 29 (37 6) 16 (37 7) 27 (37 8) 22 (37 9) 21 (37 10) 15 (38
 1) 18 (38 2) 18 (38 3) 19 (38 4) 29 (38 5) 22 (38 6) 22 (38 7) 27 (38 8) 14
 (38 9) 30 (38 10) 16 (39 1) 29 (39 2) 30 (39 3) 29 (39 4) 30 (39 5) 20 (39
 6) 28 (39 7) 17 (39 8) 26 (39 9) 29 (39 10) 16 (40 1) 10 (40 2) 21 (40 3) 22
 (40 4) 19 (40 5) 19 (40 6) 25 (40 7) 18 (40 8) 14 (40 9) 17 (40 10) 30 (41
 1) 11 (41 2) 30 (41 3) 25 (41 4) 12 (41 5) 24 (41 6) 29 (41 7) 19 (41 8) 26
 (41 9) 22 (41 10) 20 (42 1) 17 (42 2) 19 (42 3) 21 (42 4) 19 (42 5) 23 (42
 6) 15 (42 7) 11 (42 8) 12 (42 9) 25 (42 10) 15 (43 1) 30 (43 2) 21 (43 3) 19
 (43 4) 22 (43 5) 30 (43 6) 12 (43 7) 18 (43 8) 14 (43 9) 24 (43 10) 24 (44
 1) 13 (44 2) 28 (44 3) 10 (44 4) 24 (44 5) 13 (44 6) 14 (44 7) 14 (44 8) 27
 (44 9) 16 (44 10) 12 (45 1) 25 (45 2) 14 (45 3) 16 (45 4) 24 (45 5) 29 (45
 6) 24 (45 7) 15 (45 8) 17 (45 9) 16 (45 10) 12 (46 1) 24 (46 2) 25 (46 3) 29
 (46 4) 19 (46 5) 12 (46 6) 24 (46 7) 24 (46 8) 17 (46 9) 27 (46 10) 23 (47
 1) 22 (47 2) 13 (47 3) 25 (47 4) 21 (47 5) 21 (47 6) 28 (47 7) 11 (47 8) 26
 (47 9) 16 (47 10) 10 (48 1) 11 (48 2) 26 (48 3) 19 (48 4) 24 (48 5) 24 (48
 6) 20 (48 7) 11 (48 8) 26 (48 9) 29 (48 10) 15 (49 1) 12 (49 2) 19 (49 3) 21
 (49 4) 13 (49 5) 29 (49 6) 10 (49 7) 10 (49 8) 28 (49 9) 25 (49 10) 29 (50
 1) 15 (50 2) 16 (50 3) 12 (50 4) 28 (50 5) 15 (50 6) 28 (50 7) 10 (50 8) 29
 (50 9) 22 (50 10) 20]
Pref: [(1 1) 9 (1 2) 4 (1 3) 2 (1 4) 7 (1 5) 6 (1 6) 8 (1 7) 1 (1 8) 5 (1 9) 10 (1
 10) 3 (2 1) 8 (2 2) 7 (2 3) 2 (2 4) 4 (2 5) 5 (2 6) 6 (2 7) 3 (2 8) 1 (2 9) 9
 (2 10) 10 (3 1) 3 (3 2) 7 (3 3) 5 (3 4) 8 (3 5) 9 (3 6) 10 (3 7) 4 (3 8) 2
 (3 9) 6 (3 10) 1 (4 1) 8 (4 2) 6 (4 3) 4 (4 4) 5 (4 5) 10 (4 6) 7 (4 7) 1
 (4 8) 2 (4 9) 9 (4 10) 3 (5 1) 6 (5 2) 10 (5 3) 9 (5 4) 8 (5 5) 4 (5 6) 2
 (5 7) 3 (5 8) 1 (5 9) 7 (5 10) 5 (6 1) 5 (6 2) 6 (6 3) 9 (6 4) 4 (6 5) 7 (6
 6) 3 (6 7) 2 (6 8) 10 (6 9) 8 (6 10) 1 (7 1) 2 (7 2) 6 (7 3) 8 (7 4) 7 (7
 5) 4 (7 6) 9 (7 7) 10 (7 8) 5 (7 9) 3 (7 10) 1 (8 1) 8 (8 2) 3 (8 3) 2 (8
 4) 9 (8 5) 10 (8 6) 7 (8 7) 4 (8 8) 1 (8 9) 6 (8 10) 5 (9 1) 10 (9 2) 9 (9
 3) 1 (9 4) 3 (9 5) 6 (9 6) 5 (9 7) 2 (9 8) 4 (9 9) 8 (9 10) 7 (10 1) 5 (10
 2) 9 (10 3) 10 (10 4) 1 (10 5) 8 (10 6) 2 (10 7) 6 (10 8) 7 (10 9) 4 (10 10) 3
 (11 1) 6 (11 2) 3 (11 3) 1 (11 4) 9 (11 5) 7 (11 6) 5 (11 7) 4 (11 8) 10 (11
 9) 2 (11 10) 8 (12 1) 2 (12 2) 7 (12 3) 10 (12 4) 5 (12 5) 8 (12 6) 1 (12
 7) 4 (12 8) 3 (12 9) 6 (12 10) 9 (13 1) 1 (13 2) 9 (13 3) 5 (13 4) 6 (13 5) 2
 (13 6) 7 (13 7) 8 (13 8) 3 (13 9) 10 (13 10) 4 (14 1) 2 (14 2) 6 (14 3) 3
 (14 4) 1 (14 5) 5 (14 6) 4 (14 7) 7 (14 8) 10 (14 9) 9 (14 10) 8 (15 1) 5
 (15 2) 8 (15 3) 9 (15 4) 6 (15 5) 4 (15 6) 10 (15 7) 7 (15 8) 2 (15 9) 3 (15
 10) 1 (16 1) 1 (16 2) 2 (16 3) 9 (16 4) 6 (16 5) 10 (16 6) 5 (16 7) 4 (16
 8) 7 (16 9) 3 (16 10) 8 (17 1) 2 (17 2) 1 (17 3) 5 (17 4) 3 (17 5) 9 (17 6) 8
 (17 7) 6 (17 8) 10 (17 9) 7 (17 10) 4 (18 1) 5 (18 2) 4 (18 3) 8 (18 4) 10
 (18 5) 2 (18 6) 9 (18 7) 1 (18 8) 6 (18 9) 7 (18 10) 3 (19 1) 3 (19 2) 9 (19
 3) 2 (19 4) 7 (19 5) 5 (19 6) 10 (19 7) 8 (19 8) 6 (19 9) 1 (19 10) 4 (20
 1) 2 (20 2) 10 (20 3) 9 (20 4) 8 (20 5) 7 (20 6) 5 (20 7) 3 (20 8) 4 (20 9) 1
 (20 10) 6 (21 1) 9 (21 2) 7 (21 3) 3 (21 4) 8 (21 5) 1 (21 6) 4 (21 7) 2 (21
 8) 6 (21 9) 10 (21 10) 5 (22 1) 8 (22 2) 2 (22 3) 7 (22 4) 5 (22 5) 4 (22
 6) 9 (22 7) 1 (22 8) 6 (22 9) 3 (22 10) 10 (23 1) 10 (23 2) 3 (23 3) 7 (23
 4) 6 (23 5) 8 (23 6) 1 (23 7) 5 (23 8) 9 (23 9) 4 (23 10) 2 (24 1) 10 (24
 2) 3 (24 3) 2 (24 4) 7 (24 5) 6 (24 6) 1 (24 7) 5 (24 8) 8 (24 9) 4 (24 10) 9
 (25 1) 3 (25 2) 5 (25 3) 6 (25 4) 10 (25 5) 1 (25 6) 8 (25 7) 9 (25 8) 4 (25
 9) 7 (25 10) 2 (26 1) 5 (26 2) 4 (26 3) 7 (26 4) 10 (26 5) 3 (26 6) 9 (26
 7) 8 (26 8) 6 (26 9) 2 (26 10) 1 (27 1) 8 (27 2) 9 (27 3) 10 (27 4) 6 (27
 5) 4 (27 6) 5 (27 7) 2 (27 8) 3 (27 9) 1 (27 10) 7 (28 1) 2 (28 2) 5 (28 3) 3
 (28 4) 9 (28 5) 8 (28 6) 6 (28 7) 10 (28 8) 1 (28 9) 7 (28 10) 4 (29 1) 9
 (29 2) 4 (29 3) 1 (29 4) 5 (29 5) 8 (29 6) 2 (29 7) 6 (29 8) 7 (29 9) 10 (29
 10) 3 (30 1) 7 (30 2) 10 (30 3) 5 (30 4) 3 (30 5) 1 (30 6) 4 (30 7) 2 (30
 8) 9 (30 9) 8 (30 10) 6 (31 1) 4 (31 2) 10 (31 3) 8 (31 4) 7 (31 5) 1 (31
 6) 6 (31 7) 2 (31 8) 9 (31 9) 5 (31 10) 3 (32 1) 10 (32 2) 1 (32 3) 6 (32
 4) 4 (32 5) 8 (32 6) 2 (32 7) 7 (32 8) 9 (32 9) 3 (32 10) 5 (33 1) 3 (33 2) 4
 (33 3) 8 (33 4) 10 (33 5) 5 (33 6) 9 (33 7) 6 (33 8) 2 (33 9) 7 (33 10) 1
 (34 1) 8 (34 2) 5 (34 3) 3 (34 4) 10 (34 5) 1 (34 6) 2 (34 7) 7 (34 8) 4 (34
 9) 9 (34 10) 6 (35 1) 2 (35 2) 1 (35 3) 4 (35 4) 7 (35 5) 6 (35 6) 8 (35 7) 10
 (35 8) 3 (35 9) 5 (35 10) 9 (36 1) 5 (36 2) 4 (36 3) 6 (36 4) 9 (36 5) 7 (36
 6) 8 (36 7) 2 (36 8) 10 (36 9) 1 (36 10) 3 (37 1) 8 (37 2) 5 (37 3) 3 (37
 4) 4 (37 5) 6 (37 6) 2 (37 7) 1 (37 8) 7 (37 9) 10 (37 10) 9 (38 1) 1 (38
 2) 2 (38 3) 8 (38 4) 4 (38 5) 5 (38 6) 6 (38 7) 10 (38 8) 7 (38 9) 3 (38 10) 9
 (39 1) 5 (39 2) 1 (39 3) 9 (39 4) 4 (39 5) 7 (39 6) 8 (39 7) 6 (39 8) 2 (39
 9) 10 (39 10) 3 (40 1) 4 (40 2) 3 (40 3) 5 (40 4) 7 (40 5) 2 (40 6) 6 (40
 7) 8 (40 8) 1 (40 9) 10 (40 10) 9 (41 1) 2 (41 2) 8 (41 3) 5 (41 4) 1 (41
 5) 10 (41 6) 3 (41 7) 4 (41 8) 6 (41 9) 9 (41 10) 7 (42 1) 8 (42 2) 3 (42
 3) 5 (42 4) 9 (42 5) 7 (42 6) 2 (42 7) 1 (42 8) 4 (42 9) 10 (42 10) 6 (43
 1) 8 (43 2) 4 (43 3) 3 (43 4) 1 (43 5) 6 (43 6) 10 (43 7) 7 (43 8) 2 (43 9) 9
 (43 10) 5 (44 1) 6 (44 2) 5 (44 3) 8 (44 4) 4 (44 5) 9 (44 6) 7 (44 7) 1 (44
 8) 2 (44 9) 10 (44 10) 3 (45 1) 1 (45 2) 4 (45 3) 7 (45 4) 5 (45 5) 8 (45
 6) 3 (45 7) 6 (45 8) 2 (45 9) 10 (45 10) 9 (46 1) 6 (46 2) 3 (46 3) 5 (46
 4) 4 (46 5) 8 (46 6) 10 (46 7) 2 (46 8) 9 (46 9) 7 (46 10) 1 (47 1) 10 (47
 2) 1 (47 3) 4 (47 4) 5 (47 5) 2 (47 6) 8 (47 7) 6 (47 8) 3 (47 9) 9 (47 10) 7
 (48 1) 8 (48 2) 5 (48 3) 9 (48 4) 3 (48 5) 7 (48 6) 2 (48 7) 1 (48 8) 4 (48
 9) 10 (48 10) 6 (49 1) 2 (49 2) 9 (49 3) 8 (49 4) 1 (49 5) 5 (49 6) 4 (49
 7) 7 (49 8) 6 (49 9) 3 (49 10) 10 (50 1) 5 (50 2) 8 (50 3) 10 (50 4) 9 (50
 5) 1 (50 6) 4 (50 7) 7 (50 8) 3 (50 9) 6 (50 10) 2]
