nI: 100
nJ: 20
CapsJ: 24
nIns: 3
CostJ: [(1) 119 (2) 116 (3) 114 (4) 109 (5) 129 (6) 106 (7) 114 (8) 113 (9) 116 (10) 120
 (11) 101 (12) 105 (13) 118 (14) 119 (15) 123 (16) 101 (17) 130 (18) 107 (19) 100
 (20) 112]
CapJ: [(1) 24 (2) 24 (3) 24 (4) 24 (5) 24 (6) 24 (7) 24 (8) 24 (9) 24 (10) 24 (11) 24
 (12) 24 (13) 24 (14) 24 (15) 24 (16) 24 (17) 24 (18) 24 (19) 24 (20) 24]
CostIJ: [(1 1) 14 (1 2) 20 (1 3) 20 (1 4) 13 (1 5) 23 (1 6) 26 (1 7) 30 (1 8) 12 (1
 9) 23 (1 10) 26 (1 11) 16 (1 12) 27 (1 13) 13 (1 14) 13 (1 15) 22 (1 16) 24
 (1 17) 26 (1 18) 22 (1 19) 14 (1 20) 10 (2 1) 30 (2 2) 24 (2 3) 30 (2 4) 19
 (2 5) 15 (2 6) 22 (2 7) 21 (2 8) 23 (2 9) 21 (2 10) 23 (2 11) 24 (2 12) 30
 (2 13) 24 (2 14) 25 (2 15) 24 (2 16) 27 (2 17) 19 (2 18) 17 (2 19) 19 (2 20) 16
 (3 1) 12 (3 2) 28 (3 3) 12 (3 4) 24 (3 5) 11 (3 6) 21 (3 7) 29 (3 8) 28 (3
 9) 17 (3 10) 14 (3 11) 24 (3 12) 19 (3 13) 23 (3 14) 17 (3 15) 18 (3 16) 23
 (3 17) 20 (3 18) 17 (3 19) 23 (3 20) 20 (4 1) 22 (4 2) 10 (4 3) 22 (4 4) 23
 (4 5) 14 (4 6) 14 (4 7) 27 (4 8) 18 (4 9) 10 (4 10) 23 (4 11) 17 (4 12) 17
 (4 13) 22 (4 14) 13 (4 15) 21 (4 16) 28 (4 17) 29 (4 18) 22 (4 19) 12 (4 20) 27
 (5 1) 14 (5 2) 18 (5 3) 21 (5 4) 22 (5 5) 10 (5 6) 23 (5 7) 25 (5 8) 21 (5
 9) 23 (5 10) 25 (5 11) 25 (5 12) 26 (5 13) 30 (5 14) 15 (5 15) 22 (5 16) 28
 (5 17) 19 (5 18) 13 (5 19) 30 (5 20) 24 (6 1) 14 (6 2) 13 (6 3) 22 (6 4) 19
 (6 5) 12 (6 6) 19 (6 7) 20 (6 8) 24 (6 9) 21 (6 10) 25 (6 11) 12 (6 12) 26
 (6 13) 29 (6 14) 19 (6 15) 23 (6 16) 16 (6 17) 25 (6 18) 11 (6 19) 12 (6 20) 25
 (7 1) 22 (7 2) 19 (7 3) 10 (7 4) 13 (7 5) 11 (7 6) 29 (7 7) 27 (7 8) 20 (7
 9) 15 (7 10) 23 (7 11) 10 (7 12) 30 (7 13) 28 (7 14) 18 (7 15) 24 (7 16) 11
 (7 17) 13 (7 18) 26 (7 19) 20 (7 20) 18 (8 1) 20 (8 2) 29 (8 3) 19 (8 4) 22
 (8 5) 11 (8 6) 20 (8 7) 30 (8 8) 24 (8 9) 29 (8 10) 28 (8 11) 23 (8 12) 20
 (8 13) 27 (8 14) 30 (8 15) 27 (8 16) 30 (8 17) 12 (8 18) 24 (8 19) 23 (8 20) 24
 (9 1) 22 (9 2) 11 (9 3) 28 (9 4) 18 (9 5) 15 (9 6) 18 (9 7) 18 (9 8) 11 (9
 9) 18 (9 10) 30 (9 11) 29 (9 12) 14 (9 13) 29 (9 14) 16 (9 15) 30 (9 16) 29
 (9 17) 30 (9 18) 28 (9 19) 16 (9 20) 13 (10 1) 27 (10 2) 26 (10 3) 19 (10
 4) 14 (10 5) 11 (10 6) 25 (10 7) 29 (10 8) 24 (10 9) 10 (10 10) 13 (10 11) 12
 (10 12) 21 (10 13) 26 (10 14) 26 (10 15) 29 (10 16) 29 (10 17) 21 (10 18) 16
 (10 19) 21 (10 20) 14 (11 1) 17 (11 2) 22 (11 3) 15 (11 4) 28 (11 5) 19 (11
 6) 10 (11 7) 29 (11 8) 22 (11 9) 23 (11 10) 10 (11 11) 30 (11 12) 19 (11 13) 13
 (11 14) 15 (11 15) 28 (11 16) 10 (11 17) 21 (11 18) 24 (11 19) 21 (11 20) 27
 (12 1) 17 (12 2) 22 (12 3) 20 (12 4) 28 (12 5) 10 (12 6) 26 (12 7) 24 (12
 8) 18 (12 9) 22 (12 10) 14 (12 11) 17 (12 12) 13 (12 13) 10 (12 14) 25 (12
 15) 22 (12 16) 27 (12 17) 26 (12 18) 27 (12 19) 19 (12 20) 27 (13 1) 16 (13
 2) 24 (13 3) 15 (13 4) 13 (13 5) 15 (13 6) 15 (13 7) 28 (13 8) 28 (13 9) 23
 (13 10) 12 (13 11) 14 (13 12) 20 (13 13) 16 (13 14) 24 (13 15) 10 (13 16) 14
 (13 17) 10 (13 18) 18 (13 19) 26 (13 20) 13 (14 1) 28 (14 2) 21 (14 3) 16
 (14 4) 30 (14 5) 26 (14 6) 12 (14 7) 23 (14 8) 30 (14 9) 24 (14 10) 27 (14
 11) 13 (14 12) 13 (14 13) 18 (14 14) 26 (14 15) 10 (14 16) 13 (14 17) 14 (14
 18) 19 (14 19) 19 (14 20) 14 (15 1) 18 (15 2) 10 (15 3) 21 (15 4) 15 (15 5) 21
 (15 6) 16 (15 7) 29 (15 8) 11 (15 9) 22 (15 10) 27 (15 11) 30 (15 12) 21 (15
 13) 12 (15 14) 21 (15 15) 24 (15 16) 18 (15 17) 19 (15 18) 15 (15 19) 13 (15
 20) 11 (16 1) 23 (16 2) 24 (16 3) 16 (16 4) 18 (16 5) 10 (16 6) 13 (16 7) 25
 (16 8) 22 (16 9) 23 (16 10) 16 (16 11) 13 (16 12) 14 (16 13) 18 (16 14) 25
 (16 15) 20 (16 16) 10 (16 17) 15 (16 18) 22 (16 19) 24 (16 20) 15 (17 1) 20
 (17 2) 10 (17 3) 28 (17 4) 11 (17 5) 11 (17 6) 25 (17 7) 25 (17 8) 22 (17
 9) 23 (17 10) 13 (17 11) 27 (17 12) 19 (17 13) 17 (17 14) 13 (17 15) 26 (17
 16) 11 (17 17) 15 (17 18) 28 (17 19) 10 (17 20) 30 (18 1) 13 (18 2) 14 (18
 3) 12 (18 4) 19 (18 5) 26 (18 6) 26 (18 7) 29 (18 8) 11 (18 9) 15 (18 10) 27
 (18 11) 17 (18 12) 18 (18 13) 26 (18 14) 25 (18 15) 29 (18 16) 26 (18 17) 12
 (18 18) 26 (18 19) 16 (18 20) 13 (19 1) 17 (19 2) 16 (19 3) 22 (19 4) 11 (19
 5) 30 (19 6) 28 (19 7) 29 (19 8) 26 (19 9) 13 (19 10) 11 (19 11) 20 (19 12) 26
 (19 13) 17 (19 14) 28 (19 15) 13 (19 16) 27 (19 17) 27 (19 18) 26 (19 19) 18
 (19 20) 22 (20 1) 10 (20 2) 25 (20 3) 10 (20 4) 24 (20 5) 11 (20 6) 12 (20
 7) 10 (20 8) 10 (20 9) 10 (20 10) 30 (20 11) 29 (20 12) 17 (20 13) 13 (20
 14) 24 (20 15) 26 (20 16) 11 (20 17) 25 (20 18) 25 (20 19) 29 (20 20) 13 (21
 1) 11 (21 2) 11 (21 3) 28 (21 4) 17 (21 5) 12 (21 6) 16 (21 7) 24 (21 8) 30
 (21 9) 18 (21 10) 13 (21 11) 18 (21 12) 16 (21 13) 25 (21 14) 20 (21 15) 29
 (21 16) 17 (21 17) 15 (21 18) 20 (21 19) 20 (21 20) 18 (22 1) 28 (22 2) 20
 (22 3) 26 (22 4) 20 (22 5) 15 (22 6) 10 (22 7) 11 (22 8) 22 (22 9) 23 (22
 10) 22 (22 11) 24 (22 12) 22 (22 13) 30 (22 14) 14 (22 15) 27 (22 16) 17 (22
 17) 22 (22 18) 30 (22 19) 19 (22 20) 11 (23 1) 20 (23 2) 28 (23 3) 26 (23
 4) 20 (23 5) 28 (23 6) 14 (23 7) 22 (23 8) 25 (23 9) 28 (23 10) 13 (23 11) 25
 (23 12) 12 (23 13) 16 (23 14) 28 (23 15) 12 (23 16) 28 (23 17) 12 (23 18) 12
 (23 19) 29 (23 20) 15 (24 1) 16 (24 2) 18 (24 3) 17 (24 4) 18 (24 5) 14 (24
 6) 28 (24 7) 22 (24 8) 30 (24 9) 11 (24 10) 28 (24 11) 22 (24 12) 24 (24 13) 21
 (24 14) 30 (24 15) 27 (24 16) 30 (24 17) 12 (24 18) 14 (24 19) 14 (24 20) 21
 (25 1) 19 (25 2) 29 (25 3) 12 (25 4) 29 (25 5) 29 (25 6) 19 (25 7) 15 (25
 8) 26 (25 9) 29 (25 10) 28 (25 11) 21 (25 12) 28 (25 13) 19 (25 14) 19 (25
 15) 12 (25 16) 13 (25 17) 30 (25 18) 22 (25 19) 16 (25 20) 26 (26 1) 15 (26
 2) 22 (26 3) 18 (26 4) 25 (26 5) 11 (26 6) 18 (26 7) 30 (26 8) 29 (26 9) 15
 (26 10) 29 (26 11) 12 (26 12) 11 (26 13) 25 (26 14) 18 (26 15) 30 (26 16) 11
 (26 17) 17 (26 18) 21 (26 19) 28 (26 20) 28 (27 1) 23 (27 2) 28 (27 3) 22
 (27 4) 20 (27 5) 21 (27 6) 27 (27 7) 26 (27 8) 25 (27 9) 12 (27 10) 24 (27
 11) 27 (27 12) 13 (27 13) 29 (27 14) 26 (27 15) 15 (27 16) 13 (27 17) 18 (27
 18) 27 (27 19) 12 (27 20) 30 (28 1) 30 (28 2) 15 (28 3) 21 (28 4) 20 (28 5) 21
 (28 6) 10 (28 7) 19 (28 8) 29 (28 9) 17 (28 10) 19 (28 11) 15 (28 12) 25 (28
 13) 26 (28 14) 10 (28 15) 26 (28 16) 18 (28 17) 24 (28 18) 25 (28 19) 18 (28
 20) 14 (29 1) 23 (29 2) 18 (29 3) 15 (29 4) 13 (29 5) 15 (29 6) 19 (29 7) 12
 (29 8) 15 (29 9) 11 (29 10) 20 (29 11) 12 (29 12) 24 (29 13) 23 (29 14) 23
 (29 15) 25 (29 16) 23 (29 17) 28 (29 18) 21 (29 19) 14 (29 20) 30 (30 1) 16
 (30 2) 10 (30 3) 17 (30 4) 15 (30 5) 28 (30 6) 23 (30 7) 25 (30 8) 16 (30
 9) 18 (30 10) 10 (30 11) 11 (30 12) 26 (30 13) 18 (30 14) 24 (30 15) 21 (30
 16) 28 (30 17) 10 (30 18) 12 (30 19) 24 (30 20) 14 (31 1) 30 (31 2) 15 (31
 3) 19 (31 4) 26 (31 5) 29 (31 6) 25 (31 7) 30 (31 8) 11 (31 9) 20 (31 10) 14
 (31 11) 24 (31 12) 27 (31 13) 14 (31 14) 24 (31 15) 22 (31 16) 17 (31 17) 12
 (31 18) 16 (31 19) 15 (31 20) 24 (32 1) 23 (32 2) 24 (32 3) 17 (32 4) 22 (32
 5) 14 (32 6) 20 (32 7) 16 (32 8) 10 (32 9) 15 (32 10) 27 (32 11) 16 (32 12) 19
 (32 13) 22 (32 14) 12 (32 15) 28 (32 16) 14 (32 17) 17 (32 18) 17 (32 19) 24
 (32 20) 18 (33 1) 16 (33 2) 27 (33 3) 20 (33 4) 10 (33 5) 27 (33 6) 15 (33
 7) 12 (33 8) 30 (33 9) 29 (33 10) 26 (33 11) 21 (33 12) 20 (33 13) 26 (33
 14) 26 (33 15) 15 (33 16) 26 (33 17) 26 (33 18) 14 (33 19) 30 (33 20) 15 (34
 1) 29 (34 2) 30 (34 3) 15 (34 4) 29 (34 5) 27 (34 6) 22 (34 7) 24 (34 8) 28
 (34 9) 19 (34 10) 10 (34 11) 20 (34 12) 21 (34 13) 25 (34 14) 16 (34 15) 10
 (34 16) 22 (34 17) 17 (34 18) 19 (34 19) 24 (34 20) 30 (35 1) 19 (35 2) 10
 (35 3) 25 (35 4) 13 (35 5) 23 (35 6) 10 (35 7) 15 (35 8) 11 (35 9) 28 (35
 10) 27 (35 11) 21 (35 12) 26 (35 13) 22 (35 14) 15 (35 15) 22 (35 16) 15 (35
 17) 15 (35 18) 13 (35 19) 15 (35 20) 18 (36 1) 25 (36 2) 17 (36 3) 13 (36
 4) 13 (36 5) 17 (36 6) 30 (36 7) 13 (36 8) 14 (36 9) 30 (36 10) 26 (36 11) 21
 (36 12) 30 (36 13) 10 (36 14) 22 (36 15) 26 (36 16) 29 (36 17) 19 (36 18) 26
 (36 19) 30 (36 20) 24 (37 1) 17 (37 2) 13 (37 3) 11 (37 4) 25 (37 5) 21 (37
 6) 19 (37 7) 29 (37 8) 11 (37 9) 21 (37 10) 14 (37 11) 13 (37 12) 24 (37 13) 13
 (37 14) 20 (37 15) 22 (37 16) 23 (37 17) 11 (37 18) 24 (37 19) 18 (37 20) 26
 (38 1) 26 (38 2) 30 (38 3) 11 (38 4) 17 (38 5) 19 (38 6) 10 (38 7) 16 (38
 8) 24 (38 9) 12 (38 10) 29 (38 11) 15 (38 12) 18 (38 13) 10 (38 14) 16 (38
 15) 14 (38 16) 12 (38 17) 18 (38 18) 22 (38 19) 29 (38 20) 14 (39 1) 18 (39
 2) 27 (39 3) 14 (39 4) 24 (39 5) 30 (39 6) 11 (39 7) 28 (39 8) 13 (39 9) 18
 (39 10) 30 (39 11) 11 (39 12) 10 (39 13) 10 (39 14) 17 (39 15) 22 (39 16) 12
 (39 17) 18 (39 18) 26 (39 19) 18 (39 20) 30 (40 1) 29 (40 2) 22 (40 3) 15
 (40 4) 27 (40 5) 11 (40 6) 10 (40 7) 13 (40 8) 14 (40 9) 25 (40 10) 29 (40
 11) 30 (40 12) 20 (40 13) 29 (40 14) 13 (40 15) 24 (40 16) 23 (40 17) 16 (40
 18) 30 (40 19) 28 (40 20) 25 (41 1) 18 (41 2) 26 (41 3) 17 (41 4) 21 (41 5) 25
 (41 6) 26 (41 7) 20 (41 8) 30 (41 9) 27 (41 10) 25 (41 11) 26 (41 12) 19 (41
 13) 15 (41 14) 29 (41 15) 19 (41 16) 17 (41 17) 10 (41 18) 10 (41 19) 17 (41
 20) 23 (42 1) 24 (42 2) 16 (42 3) 16 (42 4) 17 (42 5) 25 (42 6) 30 (42 7) 12
 (42 8) 14 (42 9) 27 (42 10) 20 (42 11) 29 (42 12) 23 (42 13) 19 (42 14) 24
 (42 15) 26 (42 16) 23 (42 17) 25 (42 18) 19 (42 19) 16 (42 20) 16 (43 1) 18
 (43 2) 16 (43 3) 14 (43 4) 28 (43 5) 11 (43 6) 26 (43 7) 30 (43 8) 17 (43
 9) 18 (43 10) 30 (43 11) 12 (43 12) 17 (43 13) 19 (43 14) 19 (43 15) 16 (43
 16) 10 (43 17) 18 (43 18) 20 (43 19) 27 (43 20) 24 (44 1) 20 (44 2) 18 (44
 3) 11 (44 4) 18 (44 5) 26 (44 6) 18 (44 7) 30 (44 8) 15 (44 9) 21 (44 10) 11
 (44 11) 26 (44 12) 27 (44 13) 28 (44 14) 10 (44 15) 21 (44 16) 23 (44 17) 17
 (44 18) 17 (44 19) 15 (44 20) 30 (45 1) 23 (45 2) 21 (45 3) 15 (45 4) 23 (45
 5) 17 (45 6) 28 (45 7) 17 (45 8) 10 (45 9) 13 (45 10) 16 (45 11) 14 (45 12) 30
 (45 13) 23 (45 14) 16 (45 15) 19 (45 16) 20 (45 17) 25 (45 18) 20 (45 19) 27
 (45 20) 19 (46 1) 12 (46 2) 21 (46 3) 25 (46 4) 18 (46 5) 23 (46 6) 18 (46
 7) 11 (46 8) 12 (46 9) 14 (46 10) 25 (46 11) 23 (46 12) 26 (46 13) 17 (46
 14) 26 (46 15) 11 (46 16) 23 (46 17) 20 (46 18) 19 (46 19) 16 (46 20) 13 (47
 1) 17 (47 2) 13 (47 3) 18 (47 4) 25 (47 5) 19 (47 6) 13 (47 7) 17 (47 8) 19
 (47 9) 20 (47 10) 27 (47 11) 16 (47 12) 13 (47 13) 19 (47 14) 30 (47 15) 28
 (47 16) 27 (47 17) 30 (47 18) 11 (47 19) 18 (47 20) 30 (48 1) 16 (48 2) 29
 (48 3) 24 (48 4) 18 (48 5) 24 (48 6) 14 (48 7) 18 (48 8) 12 (48 9) 15 (48
 10) 26 (48 11) 14 (48 12) 18 (48 13) 28 (48 14) 21 (48 15) 30 (48 16) 20 (48
 17) 16 (48 18) 23 (48 19) 28 (48 20) 23 (49 1) 10 (49 2) 15 (49 3) 30 (49
 4) 29 (49 5) 17 (49 6) 26 (49 7) 11 (49 8) 20 (49 9) 26 (49 10) 19 (49 11) 17
 (49 12) 17 (49 13) 30 (49 14) 10 (49 15) 13 (49 16) 27 (49 17) 28 (49 18) 14
 (49 19) 30 (49 20) 22 (50 1) 17 (50 2) 11 (50 3) 21 (50 4) 17 (50 5) 26 (50
 6) 16 (50 7) 20 (50 8) 14 (50 9) 19 (50 10) 29 (50 11) 22 (50 12) 11 (50 13) 27
 (50 14) 18 (50 15) 13 (50 16) 20 (50 17) 29 (50 18) 20 (50 19) 20 (50 20) 15
 (51 1) 14 (51 2) 30 (51 3) 26 (51 4) 14 (51 5) 23 (51 6) 18 (51 7) 23 (51
 8) 10 (51 9) 21 (51 10) 27 (51 11) 27 (51 12) 17 (51 13) 13 (51 14) 19 (51
 15) 24 (51 16) 20 (51 17) 17 (51 18) 22 (51 19) 22 (51 20) 25 (52 1) 30 (52
 2) 17 (52 3) 25 (52 4) 23 (52 5) 13 (52 6) 20 (52 7) 10 (52 8) 10 (52 9) 22
 (52 10) 19 (52 11) 28 (52 12) 18 (52 13) 23 (52 14) 14 (52 15) 10 (52 16) 20
 (52 17) 24 (52 18) 27 (52 19) 29 (52 20) 24 (53 1) 19 (53 2) 29 (53 3) 12
 (53 4) 17 (53 5) 13 (53 6) 19 (53 7) 30 (53 8) 24 (53 9) 30 (53 10) 21 (53
 11) 26 (53 12) 25 (53 13) 21 (53 14) 13 (53 15) 25 (53 16) 28 (53 17) 26 (53
 18) 30 (53 19) 24 (53 20) 15 (54 1) 21 (54 2) 22 (54 3) 20 (54 4) 23 (54 5) 21
 (54 6) 12 (54 7) 11 (54 8) 23 (54 9) 13 (54 10) 17 (54 11) 23 (54 12) 23 (54
 13) 13 (54 14) 24 (54 15) 27 (54 16) 14 (54 17) 27 (54 18) 20 (54 19) 17 (54
 20) 12 (55 1) 29 (55 2) 15 (55 3) 17 (55 4) 15 (55 5) 29 (55 6) 11 (55 7) 14
 (55 8) 10 (55 9) 13 (55 10) 29 (55 11) 27 (55 12) 26 (55 13) 19 (55 14) 22
 (55 15) 18 (55 16) 17 (55 17) 27 (55 18) 17 (55 19) 29 (55 20) 21 (56 1) 11
 (56 2) 20 (56 3) 30 (56 4) 12 (56 5) 19 (56 6) 21 (56 7) 25 (56 8) 12 (56
 9) 19 (56 10) 14 (56 11) 25 (56 12) 27 (56 13) 15 (56 14) 11 (56 15) 22 (56
 16) 27 (56 17) 15 (56 18) 10 (56 19) 22 (56 20) 20 (57 1) 21 (57 2) 12 (57
 3) 26 (57 4) 18 (57 5) 29 (57 6) 26 (57 7) 29 (57 8) 12 (57 9) 11 (57 10) 14
 (57 11) 22 (57 12) 22 (57 13) 14 (57 14) 14 (57 15) 14 (57 16) 11 (57 17) 12
 (57 18) 12 (57 19) 30 (57 20) 14 (58 1) 24 (58 2) 15 (58 3) 21 (58 4) 14 (58
 5) 27 (58 6) 17 (58 7) 16 (58 8) 24 (58 9) 26 (58 10) 10 (58 11) 10 (58 12) 24
 (58 13) 21 (58 14) 21 (58 15) 18 (58 16) 25 (58 17) 11 (58 18) 11 (58 19) 10
 (58 20) 24 (59 1) 27 (59 2) 25 (59 3) 17 (59 4) 22 (59 5) 20 (59 6) 15 (59
 7) 16 (59 8) 17 (59 9) 23 (59 10) 16 (59 11) 15 (59 12) 26 (59 13) 20 (59
 14) 17 (59 15) 18 (59 16) 30 (59 17) 20 (59 18) 26 (59 19) 27 (59 20) 12 (60
 1) 23 (60 2) 18 (60 3) 21 (60 4) 23 (60 5) 22 (60 6) 10 (60 7) 30 (60 8) 30
 (60 9) 12 (60 10) 16 (60 11) 29 (60 12) 22 (60 13) 28 (60 14) 29 (60 15) 18
 (60 16) 15 (60 17) 16 (60 18) 30 (60 19) 28 (60 20) 20 (61 1) 27 (61 2) 27
 (61 3) 14 (61 4) 29 (61 5) 22 (61 6) 17 (61 7) 13 (61 8) 25 (61 9) 14 (61
 10) 12 (61 11) 13 (61 12) 26 (61 13) 30 (61 14) 28 (61 15) 29 (61 16) 18 (61
 17) 15 (61 18) 30 (61 19) 12 (61 20) 14 (62 1) 12 (62 2) 22 (62 3) 27 (62
 4) 14 (62 5) 18 (62 6) 26 (62 7) 30 (62 8) 20 (62 9) 14 (62 10) 22 (62 11) 24
 (62 12) 23 (62 13) 30 (62 14) 20 (62 15) 21 (62 16) 29 (62 17) 13 (62 18) 25
 (62 19) 24 (62 20) 18 (63 1) 30 (63 2) 15 (63 3) 22 (63 4) 19 (63 5) 17 (63
 6) 28 (63 7) 16 (63 8) 19 (63 9) 13 (63 10) 13 (63 11) 10 (63 12) 24 (63 13) 11
 (63 14) 21 (63 15) 18 (63 16) 26 (63 17) 28 (63 18) 22 (63 19) 20 (63 20) 15
 (64 1) 10 (64 2) 24 (64 3) 13 (64 4) 30 (64 5) 24 (64 6) 10 (64 7) 21 (64
 8) 30 (64 9) 12 (64 10) 12 (64 11) 27 (64 12) 21 (64 13) 30 (64 14) 29 (64
 15) 15 (64 16) 14 (64 17) 25 (64 18) 30 (64 19) 17 (64 20) 12 (65 1) 25 (65
 2) 21 (65 3) 27 (65 4) 24 (65 5) 10 (65 6) 16 (65 7) 10 (65 8) 18 (65 9) 16
 (65 10) 15 (65 11) 23 (65 12) 15 (65 13) 22 (65 14) 11 (65 15) 29 (65 16) 23
 (65 17) 25 (65 18) 16 (65 19) 29 (65 20) 24 (66 1) 27 (66 2) 29 (66 3) 27
 (66 4) 25 (66 5) 24 (66 6) 25 (66 7) 16 (66 8) 17 (66 9) 28 (66 10) 27 (66
 11) 30 (66 12) 10 (66 13) 20 (66 14) 14 (66 15) 16 (66 16) 14 (66 17) 29 (66
 18) 15 (66 19) 17 (66 20) 19 (67 1) 17 (67 2) 25 (67 3) 26 (67 4) 28 (67 5) 15
 (67 6) 15 (67 7) 13 (67 8) 28 (67 9) 12 (67 10) 20 (67 11) 12 (67 12) 13 (67
 13) 16 (67 14) 10 (67 15) 13 (67 16) 10 (67 17) 27 (67 18) 13 (67 19) 28 (67
 20) 14 (68 1) 28 (68 2) 12 (68 3) 24 (68 4) 17 (68 5) 21 (68 6) 30 (68 7) 10
 (68 8) 15 (68 9) 29 (68 10) 22 (68 11) 25 (68 12) 13 (68 13) 28 (68 14) 26
 (68 15) 13 (68 16) 24 (68 17) 29 (68 18) 27 (68 19) 20 (68 20) 28 (69 1) 12
 (69 2) 14 (69 3) 23 (69 4) 23 (69 5) 16 (69 6) 14 (69 7) 25 (69 8) 20 (69
 9) 30 (69 10) 18 (69 11) 16 (69 12) 29 (69 13) 18 (69 14) 19 (69 15) 18 (69
 16) 26 (69 17) 26 (69 18) 17 (69 19) 18 (69 20) 21 (70 1) 27 (70 2) 26 (70
 3) 15 (70 4) 23 (70 5) 16 (70 6) 22 (70 7) 14 (70 8) 25 (70 9) 17 (70 10) 19
 (70 11) 14 (70 12) 16 (70 13) 13 (70 14) 16 (70 15) 28 (70 16) 12 (70 17) 27
 (70 18) 17 (70 19) 21 (70 20) 24 (71 1) 29 (71 2) 29 (71 3) 14 (71 4) 29 (71
 5) 12 (71 6) 24 (71 7) 15 (71 8) 19 (71 9) 10 (71 10) 15 (71 11) 15 (71 12) 26
 (71 13) 30 (71 14) 20 (71 15) 24 (71 16) 14 (71 17) 19 (71 18) 19 (71 19) 21
 (71 20) 27 (72 1) 30 (72 2) 25 (72 3) 21 (72 4) 27 (72 5) 25 (72 6) 28 (72
 7) 25 (72 8) 15 (72 9) 20 (72 10) 12 (72 11) 21 (72 12) 23 (72 13) 30 (72
 14) 10 (72 15) 21 (72 16) 15 (72 17) 17 (72 18) 18 (72 19) 30 (72 20) 17 (73
 1) 18 (73 2) 24 (73 3) 12 (73 4) 25 (73 5) 21 (73 6) 12 (73 7) 16 (73 8) 18
 (73 9) 25 (73 10) 22 (73 11) 13 (73 12) 17 (73 13) 11 (73 14) 15 (73 15) 10
 (73 16) 21 (73 17) 23 (73 18) 29 (73 19) 28 (73 20) 19 (74 1) 10 (74 2) 12
 (74 3) 29 (74 4) 28 (74 5) 11 (74 6) 28 (74 7) 19 (74 8) 23 (74 9) 27 (74
 10) 21 (74 11) 22 (74 12) 21 (74 13) 27 (74 14) 26 (74 15) 11 (74 16) 14 (74
 17) 24 (74 18) 19 (74 19) 15 (74 20) 23 (75 1) 27 (75 2) 30 (75 3) 25 (75
 4) 16 (75 5) 11 (75 6) 25 (75 7) 10 (75 8) 26 (75 9) 14 (75 10) 13 (75 11) 19
 (75 12) 30 (75 13) 17 (75 14) 11 (75 15) 23 (75 16) 15 (75 17) 24 (75 18) 29
 (75 19) 23 (75 20) 26 (76 1) 29 (76 2) 28 (76 3) 29 (76 4) 21 (76 5) 17 (76
 6) 12 (76 7) 20 (76 8) 13 (76 9) 11 (76 10) 25 (76 11) 24 (76 12) 20 (76 13) 25
 (76 14) 10 (76 15) 16 (76 16) 14 (76 17) 25 (76 18) 11 (76 19) 14 (76 20) 22
 (77 1) 10 (77 2) 19 (77 3) 25 (77 4) 20 (77 5) 11 (77 6) 16 (77 7) 11 (77
 8) 20 (77 9) 22 (77 10) 16 (77 11) 16 (77 12) 29 (77 13) 21 (77 14) 24 (77
 15) 30 (77 16) 27 (77 17) 23 (77 18) 10 (77 19) 18 (77 20) 24 (78 1) 27 (78
 2) 17 (78 3) 13 (78 4) 23 (78 5) 18 (78 6) 15 (78 7) 10 (78 8) 16 (78 9) 15
 (78 10) 24 (78 11) 11 (78 12) 12 (78 13) 15 (78 14) 11 (78 15) 30 (78 16) 20
 (78 17) 25 (78 18) 23 (78 19) 18 (78 20) 13 (79 1) 27 (79 2) 16 (79 3) 19
 (79 4) 20 (79 5) 13 (79 6) 16 (79 7) 19 (79 8) 25 (79 9) 15 (79 10) 25 (79
 11) 15 (79 12) 28 (79 13) 28 (79 14) 18 (79 15) 15 (79 16) 19 (79 17) 23 (79
 18) 11 (79 19) 10 (79 20) 25 (80 1) 17 (80 2) 28 (80 3) 13 (80 4) 19 (80 5) 20
 (80 6) 11 (80 7) 10 (80 8) 10 (80 9) 22 (80 10) 23 (80 11) 18 (80 12) 16 (80
 13) 10 (80 14) 19 (80 15) 12 (80 16) 10 (80 17) 21 (80 18) 23 (80 19) 15 (80
 20) 11 (81 1) 12 (81 2) 11 (81 3) 27 (81 4) 19 (81 5) 17 (81 6) 17 (81 7) 28
 (81 8) 17 (81 9) 12 (81 10) 13 (81 11) 23 (81 12) 12 (81 13) 30 (81 14) 18
 (81 15) 23 (81 16) 29 (81 17) 19 (81 18) 19 (81 19) 15 (81 20) 24 (82 1) 25
 (82 2) 21 (82 3) 22 (82 4) 15 (82 5) 16 (82 6) 10 (82 7) 10 (82 8) 11 (82
 9) 25 (82 10) 17 (82 11) 12 (82 12) 20 (82 13) 19 (82 14) 28 (82 15) 27 (82
 16) 26 (82 17) 17 (82 18) 12 (82 19) 28 (82 20) 16 (83 1) 16 (83 2) 20 (83
 3) 10 (83 4) 26 (83 5) 22 (83 6) 20 (83 7) 10 (83 8) 29 (83 9) 29 (83 10) 23
 (83 11) 10 (83 12) 11 (83 13) 16 (83 14) 24 (83 15) 17 (83 16) 25 (83 17) 27
 (83 18) 13 (83 19) 25 (83 20) 10 (84 1) 12 (84 2) 27 (84 3) 12 (84 4) 29 (84
 5) 11 (84 6) 13 (84 7) 26 (84 8) 12 (84 9) 11 (84 10) 26 (84 11) 14 (84 12) 24
 (84 13) 19 (84 14) 12 (84 15) 10 (84 16) 27 (84 17) 10 (84 18) 24 (84 19) 23
 (84 20) 29 (85 1) 17 (85 2) 26 (85 3) 17 (85 4) 21 (85 5) 26 (85 6) 15 (85
 7) 21 (85 8) 28 (85 9) 30 (85 10) 29 (85 11) 28 (85 12) 29 (85 13) 11 (85
 14) 23 (85 15) 18 (85 16) 21 (85 17) 24 (85 18) 12 (85 19) 19 (85 20) 17 (86
 1) 24 (86 2) 19 (86 3) 26 (86 4) 29 (86 5) 25 (86 6) 27 (86 7) 26 (86 8) 23
 (86 9) 10 (86 10) 24 (86 11) 14 (86 12) 18 (86 13) 14 (86 14) 22 (86 15) 10
 (86 16) 11 (86 17) 15 (86 18) 18 (86 19) 21 (86 20) 19 (87 1) 22 (87 2) 19
 (87 3) 18 (87 4) 30 (87 5) 17 (87 6) 18 (87 7) 17 (87 8) 20 (87 9) 17 (87
 10) 15 (87 11) 21 (87 12) 23 (87 13) 29 (87 14) 28 (87 15) 12 (87 16) 10 (87
 17) 19 (87 18) 18 (87 19) 14 (87 20) 21 (88 1) 16 (88 2) 24 (88 3) 14 (88
 4) 14 (88 5) 29 (88 6) 26 (88 7) 10 (88 8) 22 (88 9) 10 (88 10) 20 (88 11) 19
 (88 12) 20 (88 13) 25 (88 14) 18 (88 15) 22 (88 16) 19 (88 17) 22 (88 18) 16
 (88 19) 28 (88 20) 18 (89 1) 15 (89 2) 10 (89 3) 24 (89 4) 26 (89 5) 25 (89
 6) 22 (89 7) 15 (89 8) 20 (89 9) 20 (89 10) 18 (89 11) 14 (89 12) 29 (89 13) 28
 (89 14) 13 (89 15) 18 (89 16) 28 (89 17) 21 (89 18) 30 (89 19) 12 (89 20) 23
 (90 1) 16 (90 2) 28 (90 3) 15 (90 4) 16 (90 5) 12 (90 6) 12 (90 7) 21 (90
 8) 12 (90 9) 25 (90 10) 12 (90 11) 22 (90 12) 15 (90 13) 29 (90 14) 10 (90
 15) 29 (90 16) 15 (90 17) 12 (90 18) 26 (90 19) 20 (90 20) 10 (91 1) 30 (91
 2) 30 (91 3) 17 (91 4) 25 (91 5) 29 (91 6) 18 (91 7) 27 (91 8) 10 (91 9) 11
 (91 10) 20 (91 11) 10 (91 12) 15 (91 13) 25 (91 14) 10 (91 15) 20 (91 16) 24
 (91 17) 20 (91 18) 28 (91 19) 24 (91 20) 29 (92 1) 10 (92 2) 28 (92 3) 13
 (92 4) 20 (92 5) 15 (92 6) 22 (92 7) 28 (92 8) 13 (92 9) 28 (92 10) 17 (92
 11) 11 (92 12) 14 (92 13) 29 (92 14) 19 (92 15) 16 (92 16) 15 (92 17) 20 (92
 18) 30 (92 19) 24 (92 20) 10 (93 1) 15 (93 2) 23 (93 3) 19 (93 4) 18 (93 5) 22
 (93 6) 26 (93 7) 17 (93 8) 16 (93 9) 24 (93 10) 24 (93 11) 30 (93 12) 23 (93
 13) 17 (93 14) 10 (93 15) 19 (93 16) 25 (93 17) 17 (93 18) 21 (93 19) 28 (93
 20) 30 (94 1) 30 (94 2) 26 (94 3) 29 (94 4) 12 (94 5) 11 (94 6) 23 (94 7) 15
 (94 8) 27 (94 9) 19 (94 10) 29 (94 11) 10 (94 12) 13 (94 13) 14 (94 14) 18
 (94 15) 10 (94 16) 25 (94 17) 21 (94 18) 20 (94 19) 23 (94 20) 21 (95 1) 16
 (95 2) 20 (95 3) 29 (95 4) 19 (95 5) 22 (95 6) 27 (95 7) 15 (95 8) 25 (95
 9) 15 (95 10) 18 (95 11) 19 (95 12) 14 (95 13) 10 (95 14) 17 (95 15) 23 (95
 16) 23 (95 17) 23 (95 18) 17 (95 19) 13 (95 20) 28 (96 1) 23 (96 2) 25 (96
 3) 16 (96 4) 18 (96 5) 23 (96 6) 15 (96 7) 10 (96 8) 13 (96 9) 29 (96 10) 10
 (96 11) 22 (96 12) 16 (96 13) 18 (96 14) 25 (96 15) 30 (96 16) 13 (96 17) 30
 (96 18) 17 (96 19) 18 (96 20) 26 (97 1) 26 (97 2) 24 (97 3) 23 (97 4) 14 (97
 5) 24 (97 6) 15 (97 7) 12 (97 8) 20 (97 9) 20 (97 10) 15 (97 11) 29 (97 12) 15
 (97 13) 27 (97 14) 10 (97 15) 24 (97 16) 22 (97 17) 18 (97 18) 29 (97 19) 25
 (97 20) 14 (98 1) 13 (98 2) 10 (98 3) 28 (98 4) 27 (98 5) 11 (98 6) 13 (98
 7) 21 (98 8) 17 (98 9) 19 (98 10) 18 (98 11) 12 (98 12) 16 (98 13) 13 (98
 14) 29 (98 15) 18 (98 16) 11 (98 17) 27 (98 18) 21 (98 19) 27 (98 20) 18 (99
 1) 11 (99 2) 21 (99 3) 21 (99 4) 25 (99 5) 30 (99 6) 26 (99 7) 25 (99 8) 21
 (99 9) 29 (99 10) 16 (99 11) 22 (99 12) 29 (99 13) 19 (99 14) 20 (99 15) 14
 (99 16) 27 (99 17) 26 (99 18) 29 (99 19) 25 (99 20) 21 (100 1) 18 (100 2) 10
 (100 3) 30 (100 4) 19 (100 5) 11 (100 6) 26 (100 7) 18 (100 8) 23 (100 9) 19
 (100 10) 26 (100 11) 24 (100 12) 29 (100 13) 19 (100 14) 20 (100 15) 15 (100
 16) 15 (100 17) 25 (100 18) 25 (100 19) 27 (100 20) 28]
Pref: [(1 1) 3 (1 2) 15 (1 3) 4 (1 4) 9 (1 5) 14 (1 6) 13 (1 7) 11 (1 8) 12 (1 9) 6
 (1 10) 8 (1 11) 17 (1 12) 5 (1 13) 20 (1 14) 19 (1 15) 16 (1 16) 7 (1 17) 18
 (1 18) 2 (1 19) 10 (1 20) 1 (2 1) 6 (2 2) 16 (2 3) 3 (2 4) 12 (2 5) 11 (2
 6) 4 (2 7) 1 (2 8) 15 (2 9) 9 (2 10) 19 (2 11) 8 (2 12) 5 (2 13) 10 (2 14) 7
 (2 15) 17 (2 16) 13 (2 17) 20 (2 18) 14 (2 19) 18 (2 20) 2 (3 1) 15 (3 2) 3
 (3 3) 2 (3 4) 9 (3 5) 4 (3 6) 6 (3 7) 7 (3 8) 11 (3 9) 5 (3 10) 10 (3 11) 12
 (3 12) 1 (3 13) 19 (3 14) 20 (3 15) 13 (3 16) 17 (3 17) 14 (3 18) 18 (3 19) 8
 (3 20) 16 (4 1) 8 (4 2) 7 (4 3) 9 (4 4) 1 (4 5) 3 (4 6) 4 (4 7) 10 (4 8) 19
 (4 9) 15 (4 10) 12 (4 11) 13 (4 12) 16 (4 13) 5 (4 14) 6 (4 15) 20 (4 16) 17
 (4 17) 18 (4 18) 11 (4 19) 14 (4 20) 2 (5 1) 2 (5 2) 9 (5 3) 16 (5 4) 15 (5
 5) 11 (5 6) 5 (5 7) 10 (5 8) 4 (5 9) 12 (5 10) 14 (5 11) 20 (5 12) 1 (5 13) 6
 (5 14) 8 (5 15) 17 (5 16) 13 (5 17) 18 (5 18) 19 (5 19) 3 (5 20) 7 (6 1) 18
 (6 2) 13 (6 3) 9 (6 4) 8 (6 5) 16 (6 6) 4 (6 7) 14 (6 8) 2 (6 9) 20 (6 10) 15
 (6 11) 3 (6 12) 17 (6 13) 1 (6 14) 19 (6 15) 5 (6 16) 10 (6 17) 6 (6 18) 12
 (6 19) 7 (6 20) 11 (7 1) 3 (7 2) 5 (7 3) 9 (7 4) 13 (7 5) 19 (7 6) 4 (7 7) 1
 (7 8) 20 (7 9) 17 (7 10) 14 (7 11) 15 (7 12) 2 (7 13) 16 (7 14) 7 (7 15) 18
 (7 16) 10 (7 17) 6 (7 18) 12 (7 19) 8 (7 20) 11 (8 1) 14 (8 2) 8 (8 3) 15
 (8 4) 18 (8 5) 16 (8 6) 20 (8 7) 6 (8 8) 10 (8 9) 13 (8 10) 11 (8 11) 3 (8
 12) 5 (8 13) 17 (8 14) 4 (8 15) 2 (8 16) 1 (8 17) 19 (8 18) 7 (8 19) 12 (8
 20) 9 (9 1) 16 (9 2) 9 (9 3) 2 (9 4) 10 (9 5) 5 (9 6) 18 (9 7) 7 (9 8) 8 (9
 9) 4 (9 10) 6 (9 11) 20 (9 12) 12 (9 13) 14 (9 14) 15 (9 15) 19 (9 16) 17
 (9 17) 13 (9 18) 1 (9 19) 3 (9 20) 11 (10 1) 2 (10 2) 11 (10 3) 5 (10 4) 4
 (10 5) 9 (10 6) 10 (10 7) 17 (10 8) 15 (10 9) 1 (10 10) 14 (10 11) 19 (10
 12) 3 (10 13) 6 (10 14) 13 (10 15) 18 (10 16) 20 (10 17) 16 (10 18) 8 (10
 19) 12 (10 20) 7 (11 1) 6 (11 2) 5 (11 3) 2 (11 4) 18 (11 5) 13 (11 6) 7 (11
 7) 15 (11 8) 12 (11 9) 8 (11 10) 11 (11 11) 19 (11 12) 1 (11 13) 9 (11 14) 10
 (11 15) 14 (11 16) 16 (11 17) 4 (11 18) 3 (11 19) 20 (11 20) 17 (12 1) 12
 (12 2) 7 (12 3) 14 (12 4) 11 (12 5) 6 (12 6) 2 (12 7) 20 (12 8) 18 (12 9) 1
 (12 10) 8 (12 11) 15 (12 12) 3 (12 13) 13 (12 14) 16 (12 15) 17 (12 16) 4
 (12 17) 9 (12 18) 10 (12 19) 19 (12 20) 5 (13 1) 10 (13 2) 11 (13 3) 6 (13
 4) 16 (13 5) 2 (13 6) 4 (13 7) 3 (13 8) 14 (13 9) 18 (13 10) 9 (13 11) 1 (13
 12) 8 (13 13) 19 (13 14) 5 (13 15) 20 (13 16) 7 (13 17) 15 (13 18) 12 (13
 19) 17 (13 20) 13 (14 1) 2 (14 2) 3 (14 3) 18 (14 4) 10 (14 5) 5 (14 6) 11
 (14 7) 7 (14 8) 15 (14 9) 17 (14 10) 1 (14 11) 9 (14 12) 16 (14 13) 12 (14
 14) 8 (14 15) 20 (14 16) 13 (14 17) 6 (14 18) 4 (14 19) 14 (14 20) 19 (15
 1) 6 (15 2) 12 (15 3) 13 (15 4) 15 (15 5) 5 (15 6) 7 (15 7) 14 (15 8) 18 (15
 9) 20 (15 10) 10 (15 11) 3 (15 12) 16 (15 13) 1 (15 14) 17 (15 15) 9 (15 16) 4
 (15 17) 8 (15 18) 19 (15 19) 11 (15 20) 2 (16 1) 5 (16 2) 13 (16 3) 1 (16
 4) 15 (16 5) 8 (16 6) 2 (16 7) 16 (16 8) 9 (16 9) 6 (16 10) 11 (16 11) 4 (16
 12) 7 (16 13) 12 (16 14) 20 (16 15) 10 (16 16) 17 (16 17) 18 (16 18) 3 (16
 19) 14 (16 20) 19 (17 1) 12 (17 2) 2 (17 3) 14 (17 4) 15 (17 5) 11 (17 6) 20
 (17 7) 5 (17 8) 3 (17 9) 8 (17 10) 7 (17 11) 17 (17 12) 1 (17 13) 16 (17 14) 9
 (17 15) 18 (17 16) 13 (17 17) 4 (17 18) 19 (17 19) 6 (17 20) 10 (18 1) 17
 (18 2) 3 (18 3) 15 (18 4) 20 (18 5) 7 (18 6) 1 (18 7) 5 (18 8) 10 (18 9) 6
 (18 10) 12 (18 11) 8 (18 12) 2 (18 13) 14 (18 14) 18 (18 15) 13 (18 16) 4
 (18 17) 9 (18 18) 19 (18 19) 16 (18 20) 11 (19 1) 4 (19 2) 20 (19 3) 16 (19
 4) 7 (19 5) 11 (19 6) 15 (19 7) 14 (19 8) 19 (19 9) 13 (19 10) 8 (19 11) 10
 (19 12) 5 (19 13) 18 (19 14) 3 (19 15) 6 (19 16) 17 (19 17) 12 (19 18) 2 (19
 19) 9 (19 20) 1 (20 1) 15 (20 2) 16 (20 3) 9 (20 4) 17 (20 5) 12 (20 6) 13
 (20 7) 14 (20 8) 2 (20 9) 18 (20 10) 20 (20 11) 4 (20 12) 10 (20 13) 6 (20
 14) 3 (20 15) 19 (20 16) 7 (20 17) 5 (20 18) 8 (20 19) 1 (20 20) 11 (21 1) 11
 (21 2) 13 (21 3) 8 (21 4) 6 (21 5) 7 (21 6) 10 (21 7) 17 (21 8) 18 (21 9) 4
 (21 10) 3 (21 11) 16 (21 12) 9 (21 13) 1 (21 14) 12 (21 15) 20 (21 16) 19
 (21 17) 2 (21 18) 15 (21 19) 5 (21 20) 14 (22 1) 9 (22 2) 6 (22 3) 3 (22 4) 5
 (22 5) 4 (22 6) 8 (22 7) 1 (22 8) 12 (22 9) 7 (22 10) 11 (22 11) 13 (22 12) 16
 (22 13) 17 (22 14) 15 (22 15) 2 (22 16) 18 (22 17) 14 (22 18) 19 (22 19) 10
 (22 20) 20 (23 1) 19 (23 2) 2 (23 3) 7 (23 4) 11 (23 5) 6 (23 6) 3 (23 7) 14
 (23 8) 13 (23 9) 20 (23 10) 8 (23 11) 10 (23 12) 16 (23 13) 5 (23 14) 18 (23
 15) 15 (23 16) 4 (23 17) 9 (23 18) 1 (23 19) 12 (23 20) 17 (24 1) 3 (24 2) 1
 (24 3) 4 (24 4) 8 (24 5) 5 (24 6) 14 (24 7) 17 (24 8) 12 (24 9) 13 (24 10) 9
 (24 11) 19 (24 12) 2 (24 13) 20 (24 14) 16 (24 15) 11 (24 16) 15 (24 17) 18
 (24 18) 7 (24 19) 10 (24 20) 6 (25 1) 15 (25 2) 6 (25 3) 13 (25 4) 16 (25
 5) 17 (25 6) 5 (25 7) 19 (25 8) 1 (25 9) 10 (25 10) 14 (25 11) 12 (25 12) 11
 (25 13) 4 (25 14) 3 (25 15) 8 (25 16) 9 (25 17) 20 (25 18) 18 (25 19) 2 (25
 20) 7 (26 1) 5 (26 2) 3 (26 3) 4 (26 4) 6 (26 5) 15 (26 6) 10 (26 7) 1 (26
 8) 7 (26 9) 9 (26 10) 19 (26 11) 18 (26 12) 16 (26 13) 11 (26 14) 2 (26 15) 13
 (26 16) 17 (26 17) 8 (26 18) 20 (26 19) 12 (26 20) 14 (27 1) 3 (27 2) 17 (27
 3) 13 (27 4) 2 (27 5) 14 (27 6) 18 (27 7) 19 (27 8) 4 (27 9) 8 (27 10) 10
 (27 11) 7 (27 12) 16 (27 13) 20 (27 14) 12 (27 15) 15 (27 16) 9 (27 17) 6
 (27 18) 5 (27 19) 1 (27 20) 11 (28 1) 2 (28 2) 8 (28 3) 13 (28 4) 12 (28 5) 7
 (28 6) 17 (28 7) 14 (28 8) 1 (28 9) 19 (28 10) 4 (28 11) 16 (28 12) 9 (28
 13) 18 (28 14) 10 (28 15) 6 (28 16) 11 (28 17) 15 (28 18) 5 (28 19) 20 (28
 20) 3 (29 1) 9 (29 2) 5 (29 3) 13 (29 4) 16 (29 5) 8 (29 6) 17 (29 7) 11 (29
 8) 15 (29 9) 6 (29 10) 19 (29 11) 3 (29 12) 20 (29 13) 4 (29 14) 18 (29 15) 2
 (29 16) 12 (29 17) 1 (29 18) 7 (29 19) 10 (29 20) 14 (30 1) 15 (30 2) 6 (30
 3) 8 (30 4) 4 (30 5) 20 (30 6) 12 (30 7) 16 (30 8) 1 (30 9) 5 (30 10) 19 (30
 11) 13 (30 12) 11 (30 13) 2 (30 14) 17 (30 15) 9 (30 16) 14 (30 17) 10 (30
 18) 7 (30 19) 18 (30 20) 3 (31 1) 4 (31 2) 12 (31 3) 3 (31 4) 14 (31 5) 19
 (31 6) 9 (31 7) 13 (31 8) 10 (31 9) 2 (31 10) 15 (31 11) 17 (31 12) 18 (31
 13) 11 (31 14) 8 (31 15) 16 (31 16) 7 (31 17) 5 (31 18) 1 (31 19) 20 (31 20) 6
 (32 1) 19 (32 2) 14 (32 3) 8 (32 4) 10 (32 5) 3 (32 6) 9 (32 7) 16 (32 8) 11
 (32 9) 12 (32 10) 17 (32 11) 4 (32 12) 20 (32 13) 7 (32 14) 1 (32 15) 2 (32
 16) 13 (32 17) 18 (32 18) 15 (32 19) 6 (32 20) 5 (33 1) 12 (33 2) 7 (33 3) 20
 (33 4) 11 (33 5) 16 (33 6) 15 (33 7) 18 (33 8) 1 (33 9) 14 (33 10) 8 (33 11) 19
 (33 12) 13 (33 13) 6 (33 14) 10 (33 15) 9 (33 16) 5 (33 17) 3 (33 18) 2 (33
 19) 17 (33 20) 4 (34 1) 4 (34 2) 12 (34 3) 2 (34 4) 7 (34 5) 13 (34 6) 19
 (34 7) 3 (34 8) 14 (34 9) 15 (34 10) 16 (34 11) 6 (34 12) 5 (34 13) 1 (34
 14) 9 (34 15) 20 (34 16) 17 (34 17) 18 (34 18) 8 (34 19) 11 (34 20) 10 (35
 1) 2 (35 2) 7 (35 3) 14 (35 4) 6 (35 5) 10 (35 6) 4 (35 7) 8 (35 8) 11 (35
 9) 20 (35 10) 15 (35 11) 19 (35 12) 12 (35 13) 17 (35 14) 13 (35 15) 9 (35
 16) 18 (35 17) 5 (35 18) 3 (35 19) 16 (35 20) 1 (36 1) 4 (36 2) 17 (36 3) 6
 (36 4) 13 (36 5) 3 (36 6) 8 (36 7) 9 (36 8) 14 (36 9) 12 (36 10) 10 (36 11) 7
 (36 12) 19 (36 13) 15 (36 14) 18 (36 15) 11 (36 16) 16 (36 17) 20 (36 18) 1
 (36 19) 2 (36 20) 5 (37 1) 7 (37 2) 15 (37 3) 13 (37 4) 2 (37 5) 12 (37 6) 18
 (37 7) 10 (37 8) 8 (37 9) 3 (37 10) 11 (37 11) 14 (37 12) 9 (37 13) 5 (37
 14) 19 (37 15) 17 (37 16) 4 (37 17) 16 (37 18) 20 (37 19) 6 (37 20) 1 (38
 1) 19 (38 2) 16 (38 3) 18 (38 4) 9 (38 5) 6 (38 6) 11 (38 7) 20 (38 8) 3 (38
 9) 10 (38 10) 17 (38 11) 7 (38 12) 15 (38 13) 13 (38 14) 12 (38 15) 8 (38
 16) 14 (38 17) 1 (38 18) 4 (38 19) 5 (38 20) 2 (39 1) 4 (39 2) 9 (39 3) 16
 (39 4) 1 (39 5) 14 (39 6) 3 (39 7) 12 (39 8) 6 (39 9) 20 (39 10) 7 (39 11) 17
 (39 12) 13 (39 13) 8 (39 14) 15 (39 15) 11 (39 16) 2 (39 17) 18 (39 18) 19
 (39 19) 5 (39 20) 10 (40 1) 19 (40 2) 6 (40 3) 9 (40 4) 11 (40 5) 8 (40 6) 20
 (40 7) 3 (40 8) 1 (40 9) 5 (40 10) 10 (40 11) 7 (40 12) 2 (40 13) 15 (40 14) 4
 (40 15) 17 (40 16) 14 (40 17) 13 (40 18) 12 (40 19) 18 (40 20) 16 (41 1) 16
 (41 2) 9 (41 3) 4 (41 4) 1 (41 5) 15 (41 6) 7 (41 7) 18 (41 8) 19 (41 9) 6
 (41 10) 17 (41 11) 5 (41 12) 8 (41 13) 10 (41 14) 13 (41 15) 12 (41 16) 14
 (41 17) 20 (41 18) 2 (41 19) 11 (41 20) 3 (42 1) 16 (42 2) 13 (42 3) 3 (42
 4) 5 (42 5) 9 (42 6) 10 (42 7) 2 (42 8) 20 (42 9) 18 (42 10) 7 (42 11) 14
 (42 12) 4 (42 13) 15 (42 14) 11 (42 15) 17 (42 16) 8 (42 17) 6 (42 18) 19
 (42 19) 1 (42 20) 12 (43 1) 2 (43 2) 8 (43 3) 11 (43 4) 12 (43 5) 6 (43 6) 10
 (43 7) 20 (43 8) 17 (43 9) 7 (43 10) 3 (43 11) 13 (43 12) 5 (43 13) 4 (43
 14) 1 (43 15) 14 (43 16) 15 (43 17) 9 (43 18) 19 (43 19) 16 (43 20) 18 (44
 1) 12 (44 2) 16 (44 3) 8 (44 4) 5 (44 5) 20 (44 6) 6 (44 7) 3 (44 8) 1 (44
 9) 14 (44 10) 7 (44 11) 2 (44 12) 17 (44 13) 11 (44 14) 18 (44 15) 13 (44
 16) 4 (44 17) 9 (44 18) 10 (44 19) 19 (44 20) 15 (45 1) 8 (45 2) 5 (45 3) 14
 (45 4) 11 (45 5) 20 (45 6) 6 (45 7) 10 (45 8) 1 (45 9) 4 (45 10) 15 (45 11) 18
 (45 12) 16 (45 13) 19 (45 14) 17 (45 15) 3 (45 16) 2 (45 17) 12 (45 18) 9
 (45 19) 13 (45 20) 7 (46 1) 6 (46 2) 12 (46 3) 16 (46 4) 14 (46 5) 4 (46 6) 9
 (46 7) 13 (46 8) 20 (46 9) 10 (46 10) 18 (46 11) 3 (46 12) 19 (46 13) 8 (46
 14) 17 (46 15) 2 (46 16) 5 (46 17) 11 (46 18) 15 (46 19) 7 (46 20) 1 (47 1) 16
 (47 2) 17 (47 3) 6 (47 4) 10 (47 5) 2 (47 6) 15 (47 7) 3 (47 8) 5 (47 9) 18
 (47 10) 14 (47 11) 1 (47 12) 7 (47 13) 13 (47 14) 8 (47 15) 20 (47 16) 12
 (47 17) 9 (47 18) 19 (47 19) 11 (47 20) 4 (48 1) 2 (48 2) 9 (48 3) 7 (48 4) 16
 (48 5) 3 (48 6) 11 (48 7) 14 (48 8) 10 (48 9) 6 (48 10) 17 (48 11) 15 (48
 12) 13 (48 13) 20 (48 14) 4 (48 15) 1 (48 16) 12 (48 17) 18 (48 18) 5 (48
 19) 19 (48 20) 8 (49 1) 4 (49 2) 20 (49 3) 7 (49 4) 2 (49 5) 14 (49 6) 8 (49
 7) 11 (49 8) 15 (49 9) 3 (49 10) 17 (49 11) 6 (49 12) 13 (49 13) 10 (49 14) 16
 (49 15) 5 (49 16) 9 (49 17) 18 (49 18) 12 (49 19) 19 (49 20) 1 (50 1) 13 (50
 2) 10 (50 3) 9 (50 4) 16 (50 5) 11 (50 6) 15 (50 7) 6 (50 8) 4 (50 9) 1 (50
 10) 7 (50 11) 8 (50 12) 20 (50 13) 17 (50 14) 3 (50 15) 18 (50 16) 14 (50
 17) 12 (50 18) 5 (50 19) 19 (50 20) 2 (51 1) 12 (51 2) 3 (51 3) 19 (51 4) 2
 (51 5) 7 (51 6) 1 (51 7) 18 (51 8) 14 (51 9) 17 (51 10) 11 (51 11) 16 (51
 12) 4 (51 13) 10 (51 14) 13 (51 15) 20 (51 16) 8 (51 17) 5 (51 18) 15 (51
 19) 9 (51 20) 6 (52 1) 10 (52 2) 3 (52 3) 12 (52 4) 16 (52 5) 14 (52 6) 19
 (52 7) 7 (52 8) 4 (52 9) 17 (52 10) 1 (52 11) 18 (52 12) 2 (52 13) 5 (52 14) 8
 (52 15) 6 (52 16) 13 (52 17) 9 (52 18) 11 (52 19) 20 (52 20) 15 (53 1) 4 (53
 2) 1 (53 3) 6 (53 4) 5 (53 5) 15 (53 6) 19 (53 7) 18 (53 8) 10 (53 9) 8 (53
 10) 16 (53 11) 3 (53 12) 12 (53 13) 13 (53 14) 17 (53 15) 9 (53 16) 14 (53
 17) 2 (53 18) 11 (53 19) 7 (53 20) 20 (54 1) 19 (54 2) 3 (54 3) 8 (54 4) 16
 (54 5) 15 (54 6) 9 (54 7) 4 (54 8) 1 (54 9) 17 (54 10) 10 (54 11) 7 (54 12) 6
 (54 13) 11 (54 14) 14 (54 15) 18 (54 16) 13 (54 17) 20 (54 18) 5 (54 19) 2
 (54 20) 12 (55 1) 8 (55 2) 13 (55 3) 9 (55 4) 1 (55 5) 5 (55 6) 4 (55 7) 7
 (55 8) 2 (55 9) 3 (55 10) 18 (55 11) 11 (55 12) 14 (55 13) 17 (55 14) 10 (55
 15) 6 (55 16) 12 (55 17) 15 (55 18) 20 (55 19) 19 (55 20) 16 (56 1) 17 (56
 2) 7 (56 3) 8 (56 4) 18 (56 5) 4 (56 6) 19 (56 7) 2 (56 8) 1 (56 9) 11 (56
 10) 6 (56 11) 3 (56 12) 13 (56 13) 10 (56 14) 15 (56 15) 20 (56 16) 9 (56
 17) 16 (56 18) 14 (56 19) 12 (56 20) 5 (57 1) 13 (57 2) 20 (57 3) 2 (57 4) 10
 (57 5) 14 (57 6) 7 (57 7) 9 (57 8) 4 (57 9) 3 (57 10) 8 (57 11) 12 (57 12) 5
 (57 13) 18 (57 14) 17 (57 15) 15 (57 16) 19 (57 17) 11 (57 18) 1 (57 19) 6
 (57 20) 16 (58 1) 16 (58 2) 9 (58 3) 15 (58 4) 13 (58 5) 6 (58 6) 8 (58 7) 11
 (58 8) 1 (58 9) 4 (58 10) 12 (58 11) 18 (58 12) 7 (58 13) 19 (58 14) 20 (58
 15) 10 (58 16) 5 (58 17) 17 (58 18) 14 (58 19) 2 (58 20) 3 (59 1) 6 (59 2) 3
 (59 3) 1 (59 4) 17 (59 5) 10 (59 6) 11 (59 7) 15 (59 8) 7 (59 9) 2 (59 10) 16
 (59 11) 8 (59 12) 14 (59 13) 12 (59 14) 18 (59 15) 13 (59 16) 19 (59 17) 20
 (59 18) 5 (59 19) 4 (59 20) 9 (60 1) 9 (60 2) 6 (60 3) 7 (60 4) 5 (60 5) 1
 (60 6) 20 (60 7) 10 (60 8) 19 (60 9) 12 (60 10) 3 (60 11) 14 (60 12) 8 (60
 13) 11 (60 14) 4 (60 15) 13 (60 16) 2 (60 17) 16 (60 18) 17 (60 19) 18 (60
 20) 15 (61 1) 8 (61 2) 16 (61 3) 1 (61 4) 9 (61 5) 15 (61 6) 3 (61 7) 11 (61
 8) 4 (61 9) 19 (61 10) 13 (61 11) 18 (61 12) 20 (61 13) 5 (61 14) 7 (61 15) 10
 (61 16) 14 (61 17) 12 (61 18) 17 (61 19) 2 (61 20) 6 (62 1) 1 (62 2) 11 (62
 3) 10 (62 4) 3 (62 5) 8 (62 6) 7 (62 7) 14 (62 8) 15 (62 9) 17 (62 10) 5 (62
 11) 18 (62 12) 13 (62 13) 12 (62 14) 9 (62 15) 2 (62 16) 4 (62 17) 19 (62
 18) 6 (62 19) 20 (62 20) 16 (63 1) 15 (63 2) 11 (63 3) 3 (63 4) 13 (63 5) 10
 (63 6) 14 (63 7) 7 (63 8) 19 (63 9) 2 (63 10) 4 (63 11) 1 (63 12) 20 (63 13) 9
 (63 14) 16 (63 15) 6 (63 16) 18 (63 17) 5 (63 18) 17 (63 19) 8 (63 20) 12
 (64 1) 8 (64 2) 6 (64 3) 15 (64 4) 10 (64 5) 11 (64 6) 13 (64 7) 9 (64 8) 2
 (64 9) 5 (64 10) 3 (64 11) 16 (64 12) 1 (64 13) 14 (64 14) 17 (64 15) 20 (64
 16) 12 (64 17) 18 (64 18) 19 (64 19) 7 (64 20) 4 (65 1) 5 (65 2) 14 (65 3) 17
 (65 4) 12 (65 5) 10 (65 6) 8 (65 7) 2 (65 8) 13 (65 9) 19 (65 10) 11 (65 11) 6
 (65 12) 7 (65 13) 15 (65 14) 9 (65 15) 4 (65 16) 20 (65 17) 18 (65 18) 16
 (65 19) 3 (65 20) 1 (66 1) 20 (66 2) 14 (66 3) 8 (66 4) 12 (66 5) 3 (66 6) 18
 (66 7) 13 (66 8) 19 (66 9) 4 (66 10) 17 (66 11) 16 (66 12) 2 (66 13) 11 (66
 14) 7 (66 15) 6 (66 16) 5 (66 17) 9 (66 18) 10 (66 19) 15 (66 20) 1 (67 1) 17
 (67 2) 14 (67 3) 2 (67 4) 5 (67 5) 6 (67 6) 11 (67 7) 13 (67 8) 1 (67 9) 4
 (67 10) 18 (67 11) 10 (67 12) 7 (67 13) 12 (67 14) 19 (67 15) 8 (67 16) 16
 (67 17) 15 (67 18) 20 (67 19) 3 (67 20) 9 (68 1) 13 (68 2) 14 (68 3) 3 (68
 4) 6 (68 5) 5 (68 6) 1 (68 7) 7 (68 8) 17 (68 9) 9 (68 10) 18 (68 11) 19 (68
 12) 12 (68 13) 2 (68 14) 11 (68 15) 10 (68 16) 15 (68 17) 20 (68 18) 16 (68
 19) 8 (68 20) 4 (69 1) 6 (69 2) 9 (69 3) 1 (69 4) 3 (69 5) 8 (69 6) 18 (69
 7) 20 (69 8) 2 (69 9) 5 (69 10) 16 (69 11) 7 (69 12) 13 (69 13) 15 (69 14) 17
 (69 15) 14 (69 16) 4 (69 17) 12 (69 18) 19 (69 19) 10 (69 20) 11 (70 1) 17
 (70 2) 6 (70 3) 10 (70 4) 11 (70 5) 4 (70 6) 8 (70 7) 15 (70 8) 3 (70 9) 16
 (70 10) 20 (70 11) 12 (70 12) 19 (70 13) 5 (70 14) 7 (70 15) 1 (70 16) 9 (70
 17) 14 (70 18) 18 (70 19) 13 (70 20) 2 (71 1) 1 (71 2) 14 (71 3) 6 (71 4) 7
 (71 5) 12 (71 6) 19 (71 7) 16 (71 8) 15 (71 9) 9 (71 10) 3 (71 11) 8 (71 12) 18
 (71 13) 2 (71 14) 20 (71 15) 17 (71 16) 13 (71 17) 5 (71 18) 10 (71 19) 4
 (71 20) 11 (72 1) 4 (72 2) 13 (72 3) 14 (72 4) 5 (72 5) 2 (72 6) 16 (72 7) 8
 (72 8) 11 (72 9) 17 (72 10) 19 (72 11) 18 (72 12) 12 (72 13) 6 (72 14) 20
 (72 15) 1 (72 16) 15 (72 17) 7 (72 18) 10 (72 19) 9 (72 20) 3 (73 1) 9 (73
 2) 8 (73 3) 17 (73 4) 20 (73 5) 2 (73 6) 6 (73 7) 5 (73 8) 19 (73 9) 10 (73
 10) 16 (73 11) 4 (73 12) 7 (73 13) 12 (73 14) 15 (73 15) 18 (73 16) 14 (73
 17) 13 (73 18) 11 (73 19) 1 (73 20) 3 (74 1) 17 (74 2) 13 (74 3) 11 (74 4) 12
 (74 5) 5 (74 6) 10 (74 7) 16 (74 8) 9 (74 9) 6 (74 10) 4 (74 11) 18 (74 12) 14
 (74 13) 3 (74 14) 15 (74 15) 19 (74 16) 2 (74 17) 1 (74 18) 8 (74 19) 20 (74
 20) 7 (75 1) 17 (75 2) 6 (75 3) 12 (75 4) 10 (75 5) 7 (75 6) 3 (75 7) 14 (75
 8) 18 (75 9) 2 (75 10) 1 (75 11) 15 (75 12) 11 (75 13) 13 (75 14) 9 (75 15) 16
 (75 16) 20 (75 17) 4 (75 18) 19 (75 19) 8 (75 20) 5 (76 1) 8 (76 2) 9 (76
 3) 16 (76 4) 7 (76 5) 19 (76 6) 2 (76 7) 3 (76 8) 11 (76 9) 6 (76 10) 12 (76
 11) 13 (76 12) 5 (76 13) 4 (76 14) 1 (76 15) 10 (76 16) 17 (76 17) 20 (76
 18) 15 (76 19) 18 (76 20) 14 (77 1) 11 (77 2) 9 (77 3) 20 (77 4) 19 (77 5) 14
 (77 6) 6 (77 7) 7 (77 8) 8 (77 9) 10 (77 10) 15 (77 11) 12 (77 12) 1 (77 13) 2
 (77 14) 17 (77 15) 13 (77 16) 4 (77 17) 18 (77 18) 16 (77 19) 5 (77 20) 3
 (78 1) 2 (78 2) 6 (78 3) 4 (78 4) 11 (78 5) 20 (78 6) 8 (78 7) 13 (78 8) 1
 (78 9) 5 (78 10) 12 (78 11) 14 (78 12) 3 (78 13) 15 (78 14) 19 (78 15) 9 (78
 16) 16 (78 17) 18 (78 18) 17 (78 19) 10 (78 20) 7 (79 1) 20 (79 2) 3 (79 3) 18
 (79 4) 15 (79 5) 19 (79 6) 14 (79 7) 12 (79 8) 17 (79 9) 4 (79 10) 9 (79 11) 13
 (79 12) 10 (79 13) 16 (79 14) 5 (79 15) 6 (79 16) 8 (79 17) 2 (79 18) 1 (79
 19) 7 (79 20) 11 (80 1) 6 (80 2) 5 (80 3) 13 (80 4) 1 (80 5) 8 (80 6) 7 (80
 7) 19 (80 8) 10 (80 9) 11 (80 10) 20 (80 11) 9 (80 12) 16 (80 13) 14 (80 14) 15
 (80 15) 12 (80 16) 17 (80 17) 18 (80 18) 4 (80 19) 3 (80 20) 2 (81 1) 15 (81
 2) 1 (81 3) 7 (81 4) 20 (81 5) 8 (81 6) 11 (81 7) 4 (81 8) 16 (81 9) 10 (81
 10) 18 (81 11) 17 (81 12) 13 (81 13) 2 (81 14) 9 (81 15) 14 (81 16) 12 (81
 17) 6 (81 18) 3 (81 19) 19 (81 20) 5 (82 1) 7 (82 2) 4 (82 3) 20 (82 4) 14
 (82 5) 13 (82 6) 1 (82 7) 8 (82 8) 10 (82 9) 11 (82 10) 12 (82 11) 5 (82 12) 15
 (82 13) 17 (82 14) 2 (82 15) 3 (82 16) 19 (82 17) 16 (82 18) 18 (82 19) 6
 (82 20) 9 (83 1) 2 (83 2) 18 (83 3) 20 (83 4) 7 (83 5) 12 (83 6) 8 (83 7) 10
 (83 8) 11 (83 9) 3 (83 10) 1 (83 11) 13 (83 12) 17 (83 13) 19 (83 14) 4 (83
 15) 9 (83 16) 5 (83 17) 6 (83 18) 15 (83 19) 14 (83 20) 16 (84 1) 18 (84 2) 16
 (84 3) 13 (84 4) 4 (84 5) 1 (84 6) 7 (84 7) 12 (84 8) 15 (84 9) 2 (84 10) 19
 (84 11) 5 (84 12) 6 (84 13) 3 (84 14) 8 (84 15) 9 (84 16) 20 (84 17) 17 (84
 18) 11 (84 19) 10 (84 20) 14 (85 1) 13 (85 2) 3 (85 3) 5 (85 4) 17 (85 5) 7
 (85 6) 8 (85 7) 6 (85 8) 16 (85 9) 1 (85 10) 14 (85 11) 18 (85 12) 9 (85 13) 11
 (85 14) 2 (85 15) 20 (85 16) 15 (85 17) 12 (85 18) 10 (85 19) 19 (85 20) 4
 (86 1) 17 (86 2) 18 (86 3) 15 (86 4) 10 (86 5) 16 (86 6) 4 (86 7) 11 (86 8) 19
 (86 9) 5 (86 10) 7 (86 11) 20 (86 12) 8 (86 13) 13 (86 14) 2 (86 15) 3 (86
 16) 14 (86 17) 12 (86 18) 6 (86 19) 1 (86 20) 9 (87 1) 7 (87 2) 16 (87 3) 6
 (87 4) 20 (87 5) 12 (87 6) 18 (87 7) 14 (87 8) 19 (87 9) 9 (87 10) 2 (87 11) 13
 (87 12) 1 (87 13) 5 (87 14) 17 (87 15) 3 (87 16) 4 (87 17) 10 (87 18) 15 (87
 19) 11 (87 20) 8 (88 1) 2 (88 2) 9 (88 3) 7 (88 4) 3 (88 5) 8 (88 6) 17 (88
 7) 13 (88 8) 11 (88 9) 5 (88 10) 18 (88 11) 15 (88 12) 10 (88 13) 16 (88 14) 6
 (88 15) 20 (88 16) 1 (88 17) 4 (88 18) 19 (88 19) 14 (88 20) 12 (89 1) 12
 (89 2) 3 (89 3) 4 (89 4) 15 (89 5) 17 (89 6) 7 (89 7) 19 (89 8) 6 (89 9) 5
 (89 10) 9 (89 11) 1 (89 12) 13 (89 13) 8 (89 14) 11 (89 15) 2 (89 16) 18 (89
 17) 10 (89 18) 16 (89 19) 20 (89 20) 14 (90 1) 18 (90 2) 8 (90 3) 6 (90 4) 10
 (90 5) 4 (90 6) 14 (90 7) 15 (90 8) 7 (90 9) 2 (90 10) 13 (90 11) 9 (90 12) 1
 (90 13) 20 (90 14) 16 (90 15) 19 (90 16) 3 (90 17) 12 (90 18) 5 (90 19) 11
 (90 20) 17 (91 1) 19 (91 2) 2 (91 3) 7 (91 4) 13 (91 5) 10 (91 6) 11 (91 7) 15
 (91 8) 1 (91 9) 3 (91 10) 6 (91 11) 12 (91 12) 5 (91 13) 9 (91 14) 14 (91
 15) 8 (91 16) 20 (91 17) 16 (91 18) 18 (91 19) 17 (91 20) 4 (92 1) 10 (92
 2) 9 (92 3) 8 (92 4) 2 (92 5) 16 (92 6) 17 (92 7) 7 (92 8) 15 (92 9) 18 (92
 10) 20 (92 11) 5 (92 12) 13 (92 13) 4 (92 14) 12 (92 15) 6 (92 16) 3 (92 17) 1
 (92 18) 14 (92 19) 19 (92 20) 11 (93 1) 16 (93 2) 19 (93 3) 14 (93 4) 3 (93
 5) 20 (93 6) 8 (93 7) 10 (93 8) 7 (93 9) 18 (93 10) 9 (93 11) 4 (93 12) 13
 (93 13) 5 (93 14) 17 (93 15) 12 (93 16) 11 (93 17) 2 (93 18) 6 (93 19) 15
 (93 20) 1 (94 1) 8 (94 2) 3 (94 3) 17 (94 4) 6 (94 5) 5 (94 6) 15 (94 7) 7
 (94 8) 9 (94 9) 10 (94 10) 13 (94 11) 16 (94 12) 18 (94 13) 2 (94 14) 1 (94
 15) 11 (94 16) 19 (94 17) 12 (94 18) 4 (94 19) 14 (94 20) 20 (95 1) 1 (95
 2) 12 (95 3) 20 (95 4) 19 (95 5) 7 (95 6) 15 (95 7) 16 (95 8) 17 (95 9) 6
 (95 10) 10 (95 11) 4 (95 12) 9 (95 13) 3 (95 14) 13 (95 15) 2 (95 16) 11 (95
 17) 18 (95 18) 14 (95 19) 8 (95 20) 5 (96 1) 9 (96 2) 19 (96 3) 18 (96 4) 11
 (96 5) 16 (96 6) 6 (96 7) 3 (96 8) 17 (96 9) 5 (96 10) 10 (96 11) 1 (96 12) 15
 (96 13) 8 (96 14) 7 (96 15) 12 (96 16) 14 (96 17) 4 (96 18) 13 (96 19) 20
 (96 20) 2 (97 1) 2 (97 2) 6 (97 3) 3 (97 4) 9 (97 5) 5 (97 6) 17 (97 7) 7
 (97 8) 16 (97 9) 12 (97 10) 15 (97 11) 13 (97 12) 1 (97 13) 4 (97 14) 18 (97
 15) 11 (97 16) 8 (97 17) 14 (97 18) 19 (97 19) 20 (97 20) 10 (98 1) 2 (98
 2) 14 (98 3) 9 (98 4) 16 (98 5) 7 (98 6) 11 (98 7) 1 (98 8) 6 (98 9) 8 (98
 10) 5 (98 11) 18 (98 12) 12 (98 13) 15 (98 14) 19 (98 15) 17 (98 16) 20 (98
 17) 4 (98 18) 13 (98 19) 3 (98 20) 10 (99 1) 12 (99 2) 6 (99 3) 19 (99 4) 11
 (99 5) 17 (99 6) 10 (99 7) 9 (99 8) 1 (99 9) 13 (99 10) 8 (99 11) 5 (99 12) 3
 (99 13) 18 (99 14) 15 (99 15) 7 (99 16) 2 (99 17) 14 (99 18) 4 (99 19) 16
 (99 20) 20 (100 1) 3 (100 2) 20 (100 3) 18 (100 4) 4 (100 5) 12 (100 6) 19
 (100 7) 7 (100 8) 13 (100 9) 1 (100 10) 2 (100 11) 10 (100 12) 16 (100 13) 9
 (100 14) 17 (100 15) 6 (100 16) 11 (100 17) 5 (100 18) 14 (100 19) 15 (100
 20) 8]
