nI: 100
nJ: 5
CapsJ: 40
nIns: 4
CostJ: [(1) 104 (2) 114 (3) 117 (4) 105 (5) 129]
CapJ: [(1) 40 (2) 40 (3) 40 (4) 40 (5) 40]
CostIJ: [(1 1) 10 (1 2) 10 (1 3) 28 (1 4) 25 (1 5) 29 (2 1) 15 (2 2) 16 (2 3) 12 (2
 4) 28 (2 5) 15 (3 1) 28 (3 2) 10 (3 3) 29 (3 4) 22 (3 5) 20 (4 1) 15 (4 2) 22
 (4 3) 26 (4 4) 13 (4 5) 18 (5 1) 15 (5 2) 17 (5 3) 23 (5 4) 11 (5 5) 28 (6
 1) 22 (6 2) 22 (6 3) 14 (6 4) 20 (6 5) 17 (7 1) 10 (7 2) 16 (7 3) 10 (7 4) 28
 (7 5) 30 (8 1) 29 (8 2) 29 (8 3) 20 (8 4) 25 (8 5) 10 (9 1) 18 (9 2) 13 (9
 3) 23 (9 4) 19 (9 5) 26 (10 1) 24 (10 2) 23 (10 3) 16 (10 4) 18 (10 5) 30
 (11 1) 13 (11 2) 29 (11 3) 23 (11 4) 27 (11 5) 25 (12 1) 20 (12 2) 19 (12
 3) 24 (12 4) 23 (12 5) 22 (13 1) 18 (13 2) 22 (13 3) 16 (13 4) 15 (13 5) 12
 (14 1) 16 (14 2) 26 (14 3) 28 (14 4) 11 (14 5) 23 (15 1) 12 (15 2) 26 (15
 3) 30 (15 4) 22 (15 5) 10 (16 1) 11 (16 2) 22 (16 3) 17 (16 4) 22 (16 5) 15
 (17 1) 23 (17 2) 29 (17 3) 15 (17 4) 21 (17 5) 10 (18 1) 30 (18 2) 18 (18
 3) 16 (18 4) 13 (18 5) 10 (19 1) 17 (19 2) 20 (19 3) 11 (19 4) 18 (19 5) 26
 (20 1) 24 (20 2) 27 (20 3) 20 (20 4) 21 (20 5) 16 (21 1) 15 (21 2) 27 (21
 3) 16 (21 4) 14 (21 5) 10 (22 1) 20 (22 2) 21 (22 3) 15 (22 4) 12 (22 5) 26
 (23 1) 22 (23 2) 16 (23 3) 17 (23 4) 13 (23 5) 16 (24 1) 25 (24 2) 16 (24
 3) 30 (24 4) 11 (24 5) 22 (25 1) 10 (25 2) 21 (25 3) 14 (25 4) 30 (25 5) 17
 (26 1) 14 (26 2) 10 (26 3) 20 (26 4) 19 (26 5) 25 (27 1) 22 (27 2) 26 (27
 3) 12 (27 4) 14 (27 5) 16 (28 1) 25 (28 2) 21 (28 3) 23 (28 4) 12 (28 5) 21
 (29 1) 16 (29 2) 10 (29 3) 10 (29 4) 13 (29 5) 27 (30 1) 12 (30 2) 21 (30
 3) 17 (30 4) 22 (30 5) 24 (31 1) 15 (31 2) 26 (31 3) 19 (31 4) 24 (31 5) 26
 (32 1) 21 (32 2) 12 (32 3) 28 (32 4) 12 (32 5) 11 (33 1) 28 (33 2) 22 (33
 3) 12 (33 4) 21 (33 5) 22 (34 1) 14 (34 2) 11 (34 3) 28 (34 4) 16 (34 5) 29
 (35 1) 26 (35 2) 17 (35 3) 18 (35 4) 27 (35 5) 22 (36 1) 30 (36 2) 27 (36
 3) 12 (36 4) 14 (36 5) 14 (37 1) 25 (37 2) 24 (37 3) 11 (37 4) 10 (37 5) 12
 (38 1) 10 (38 2) 16 (38 3) 26 (38 4) 22 (38 5) 11 (39 1) 17 (39 2) 19 (39
 3) 17 (39 4) 21 (39 5) 17 (40 1) 14 (40 2) 16 (40 3) 12 (40 4) 22 (40 5) 19
 (41 1) 29 (41 2) 16 (41 3) 24 (41 4) 13 (41 5) 25 (42 1) 18 (42 2) 22 (42
 3) 24 (42 4) 15 (42 5) 25 (43 1) 11 (43 2) 19 (43 3) 14 (43 4) 14 (43 5) 12
 (44 1) 27 (44 2) 19 (44 3) 20 (44 4) 25 (44 5) 28 (45 1) 25 (45 2) 12 (45
 3) 15 (45 4) 23 (45 5) 28 (46 1) 26 (46 2) 30 (46 3) 28 (46 4) 17 (46 5) 16
 (47 1) 14 (47 2) 14 (47 3) 24 (47 4) 28 (47 5) 13 (48 1) 28 (48 2) 15 (48
 3) 15 (48 4) 15 (48 5) 16 (49 1) 18 (49 2) 15 (49 3) 19 (49 4) 25 (49 5) 21
 (50 1) 28 (50 2) 15 (50 3) 24 (50 4) 28 (50 5) 17 (51 1) 18 (51 2) 17 (51
 3) 14 (51 4) 27 (51 5) 11 (52 1) 22 (52 2) 19 (52 3) 10 (52 4) 22 (52 5) 23
 (53 1) 19 (53 2) 18 (53 3) 22 (53 4) 24 (53 5) 18 (54 1) 19 (54 2) 16 (54
 3) 18 (54 4) 29 (54 5) 19 (55 1) 15 (55 2) 25 (55 3) 15 (55 4) 30 (55 5) 21
 (56 1) 14 (56 2) 24 (56 3) 29 (56 4) 24 (56 5) 24 (57 1) 23 (57 2) 17 (57
 3) 10 (57 4) 14 (57 5) 27 (58 1) 26 (58 2) 10 (58 3) 26 (58 4) 16 (58 5) 13
 (59 1) 21 (59 2) 30 (59 3) 15 (59 4) 16 (59 5) 28 (60 1) 27 (60 2) 17 (60
 3) 16 (60 4) 14 (60 5) 23 (61 1) 16 (61 2) 17 (61 3) 19 (61 4) 29 (61 5) 15
 (62 1) 23 (62 2) 29 (62 3) 16 (62 4) 15 (62 5) 29 (63 1) 15 (63 2) 18 (63
 3) 27 (63 4) 26 (63 5) 14 (64 1) 18 (64 2) 14 (64 3) 26 (64 4) 23 (64 5) 21
 (65 1) 19 (65 2) 19 (65 3) 28 (65 4) 22 (65 5) 13 (66 1) 19 (66 2) 15 (66
 3) 22 (66 4) 17 (66 5) 25 (67 1) 23 (67 2) 15 (67 3) 28 (67 4) 12 (67 5) 11
 (68 1) 29 (68 2) 17 (68 3) 25 (68 4) 11 (68 5) 19 (69 1) 28 (69 2) 29 (69
 3) 11 (69 4) 30 (69 5) 24 (70 1) 24 (70 2) 20 (70 3) 27 (70 4) 19 (70 5) 24
 (71 1) 18 (71 2) 25 (71 3) 23 (71 4) 14 (71 5) 16 (72 1) 28 (72 2) 27 (72
 3) 17 (72 4) 30 (72 5) 29 (73 1) 19 (73 2) 18 (73 3) 21 (73 4) 29 (73 5) 10
 (74 1) 20 (74 2) 16 (74 3) 21 (74 4) 21 (74 5) 17 (75 1) 24 (75 2) 19 (75
 3) 23 (75 4) 17 (75 5) 25 (76 1) 27 (76 2) 18 (76 3) 14 (76 4) 17 (76 5) 20
 (77 1) 19 (77 2) 28 (77 3) 29 (77 4) 24 (77 5) 12 (78 1) 14 (78 2) 17 (78
 3) 11 (78 4) 12 (78 5) 18 (79 1) 20 (79 2) 15 (79 3) 15 (79 4) 22 (79 5) 23
 (80 1) 20 (80 2) 22 (80 3) 29 (80 4) 17 (80 5) 23 (81 1) 26 (81 2) 12 (81
 3) 26 (81 4) 14 (81 5) 30 (82 1) 30 (82 2) 15 (82 3) 21 (82 4) 27 (82 5) 14
 (83 1) 18 (83 2) 25 (83 3) 18 (83 4) 10 (83 5) 25 (84 1) 26 (84 2) 27 (84
 3) 24 (84 4) 13 (84 5) 14 (85 1) 23 (85 2) 13 (85 3) 12 (85 4) 10 (85 5) 18
 (86 1) 11 (86 2) 10 (86 3) 23 (86 4) 29 (86 5) 16 (87 1) 11 (87 2) 13 (87
 3) 30 (87 4) 17 (87 5) 10 (88 1) 29 (88 2) 18 (88 3) 14 (88 4) 13 (88 5) 11
 (89 1) 19 (89 2) 28 (89 3) 11 (89 4) 24 (89 5) 16 (90 1) 22 (90 2) 19 (90
 3) 25 (90 4) 25 (90 5) 17 (91 1) 21 (91 2) 22 (91 3) 16 (91 4) 20 (91 5) 27
 (92 1) 13 (92 2) 16 (92 3) 27 (92 4) 20 (92 5) 24 (93 1) 30 (93 2) 29 (93
 3) 10 (93 4) 21 (93 5) 15 (94 1) 21 (94 2) 14 (94 3) 20 (94 4) 17 (94 5) 24
 (95 1) 15 (95 2) 16 (95 3) 27 (95 4) 19 (95 5) 21 (96 1) 23 (96 2) 22 (96
 3) 28 (96 4) 28 (96 5) 24 (97 1) 20 (97 2) 19 (97 3) 17 (97 4) 15 (97 5) 10
 (98 1) 26 (98 2) 20 (98 3) 27 (98 4) 25 (98 5) 16 (99 1) 16 (99 2) 18 (99
 3) 24 (99 4) 30 (99 5) 17 (100 1) 25 (100 2) 26 (100 3) 10 (100 4) 18 (100
 5) 19]
Pref: [(1 1) 1 (1 2) 3 (1 3) 4 (1 4) 2 (1 5) 5 (2 1) 1 (2 2) 4 (2 3) 5 (2 4) 2 (2
 5) 3 (3 1) 2 (3 2) 3 (3 3) 1 (3 4) 5 (3 5) 4 (4 1) 4 (4 2) 5 (4 3) 3 (4 4) 2
 (4 5) 1 (5 1) 1 (5 2) 3 (5 3) 2 (5 4) 5 (5 5) 4 (6 1) 4 (6 2) 2 (6 3) 1 (6
 4) 3 (6 5) 5 (7 1) 5 (7 2) 3 (7 3) 2 (7 4) 4 (7 5) 1 (8 1) 4 (8 2) 3 (8 3) 2
 (8 4) 1 (8 5) 5 (9 1) 2 (9 2) 1 (9 3) 3 (9 4) 4 (9 5) 5 (10 1) 3 (10 2) 2
 (10 3) 4 (10 4) 5 (10 5) 1 (11 1) 4 (11 2) 2 (11 3) 5 (11 4) 1 (11 5) 3 (12
 1) 5 (12 2) 4 (12 3) 1 (12 4) 3 (12 5) 2 (13 1) 2 (13 2) 1 (13 3) 4 (13 4) 5
 (13 5) 3 (14 1) 4 (14 2) 2 (14 3) 3 (14 4) 1 (14 5) 5 (15 1) 2 (15 2) 3 (15
 3) 4 (15 4) 5 (15 5) 1 (16 1) 2 (16 2) 3 (16 3) 5 (16 4) 1 (16 5) 4 (17 1) 5
 (17 2) 2 (17 3) 4 (17 4) 3 (17 5) 1 (18 1) 2 (18 2) 4 (18 3) 5 (18 4) 3 (18
 5) 1 (19 1) 4 (19 2) 3 (19 3) 1 (19 4) 2 (19 5) 5 (20 1) 1 (20 2) 4 (20 3) 5
 (20 4) 3 (20 5) 2 (21 1) 3 (21 2) 1 (21 3) 4 (21 4) 5 (21 5) 2 (22 1) 1 (22
 2) 2 (22 3) 3 (22 4) 4 (22 5) 5 (23 1) 5 (23 2) 3 (23 3) 4 (23 4) 1 (23 5) 2
 (24 1) 2 (24 2) 1 (24 3) 4 (24 4) 5 (24 5) 3 (25 1) 4 (25 2) 1 (25 3) 5 (25
 4) 3 (25 5) 2 (26 1) 5 (26 2) 3 (26 3) 4 (26 4) 1 (26 5) 2 (27 1) 5 (27 2) 3
 (27 3) 1 (27 4) 4 (27 5) 2 (28 1) 5 (28 2) 4 (28 3) 1 (28 4) 2 (28 5) 3 (29
 1) 2 (29 2) 4 (29 3) 1 (29 4) 5 (29 5) 3 (30 1) 4 (30 2) 5 (30 3) 1 (30 4) 3
 (30 5) 2 (31 1) 4 (31 2) 3 (31 3) 5 (31 4) 1 (31 5) 2 (32 1) 4 (32 2) 3 (32
 3) 2 (32 4) 1 (32 5) 5 (33 1) 3 (33 2) 2 (33 3) 4 (33 4) 1 (33 5) 5 (34 1) 3
 (34 2) 5 (34 3) 1 (34 4) 2 (34 5) 4 (35 1) 1 (35 2) 3 (35 3) 5 (35 4) 2 (35
 5) 4 (36 1) 2 (36 2) 3 (36 3) 5 (36 4) 4 (36 5) 1 (37 1) 5 (37 2) 3 (37 3) 2
 (37 4) 1 (37 5) 4 (38 1) 1 (38 2) 2 (38 3) 4 (38 4) 3 (38 5) 5 (39 1) 3 (39
 2) 4 (39 3) 2 (39 4) 5 (39 5) 1 (40 1) 4 (40 2) 2 (40 3) 1 (40 4) 3 (40 5) 5
 (41 1) 4 (41 2) 3 (41 3) 2 (41 4) 5 (41 5) 1 (42 1) 2 (42 2) 3 (42 3) 5 (42
 4) 1 (42 5) 4 (43 1) 3 (43 2) 1 (43 3) 5 (43 4) 4 (43 5) 2 (44 1) 2 (44 2) 3
 (44 3) 5 (44 4) 4 (44 5) 1 (45 1) 5 (45 2) 4 (45 3) 1 (45 4) 2 (45 5) 3 (46
 1) 1 (46 2) 3 (46 3) 5 (46 4) 2 (46 5) 4 (47 1) 1 (47 2) 2 (47 3) 5 (47 4) 4
 (47 5) 3 (48 1) 5 (48 2) 3 (48 3) 2 (48 4) 1 (48 5) 4 (49 1) 2 (49 2) 4 (49
 3) 3 (49 4) 5 (49 5) 1 (50 1) 1 (50 2) 3 (50 3) 4 (50 4) 2 (50 5) 5 (51 1) 4
 (51 2) 2 (51 3) 1 (51 4) 5 (51 5) 3 (52 1) 5 (52 2) 3 (52 3) 4 (52 4) 2 (52
 5) 1 (53 1) 3 (53 2) 5 (53 3) 4 (53 4) 1 (53 5) 2 (54 1) 4 (54 2) 2 (54 3) 1
 (54 4) 3 (54 5) 5 (55 1) 1 (55 2) 4 (55 3) 5 (55 4) 2 (55 5) 3 (56 1) 5 (56
 2) 3 (56 3) 2 (56 4) 1 (56 5) 4 (57 1) 3 (57 2) 2 (57 3) 5 (57 4) 4 (57 5) 1
 (58 1) 2 (58 2) 3 (58 3) 1 (58 4) 5 (58 5) 4 (59 1) 1 (59 2) 3 (59 3) 4 (59
 4) 5 (59 5) 2 (60 1) 3 (60 2) 5 (60 3) 1 (60 4) 2 (60 5) 4 (61 1) 4 (61 2) 5
 (61 3) 2 (61 4) 1 (61 5) 3 (62 1) 2 (62 2) 3 (62 3) 5 (62 4) 4 (62 5) 1 (63
 1) 5 (63 2) 1 (63 3) 3 (63 4) 4 (63 5) 2 (64 1) 2 (64 2) 1 (64 3) 5 (64 4) 3
 (64 5) 4 (65 1) 1 (65 2) 5 (65 3) 4 (65 4) 3 (65 5) 2 (66 1) 3 (66 2) 2 (66
 3) 5 (66 4) 1 (66 5) 4 (67 1) 1 (67 2) 4 (67 3) 2 (67 4) 5 (67 5) 3 (68 1) 4
 (68 2) 5 (68 3) 1 (68 4) 3 (68 5) 2 (69 1) 2 (69 2) 5 (69 3) 4 (69 4) 3 (69
 5) 1 (70 1) 2 (70 2) 1 (70 3) 3 (70 4) 4 (70 5) 5 (71 1) 4 (71 2) 5 (71 3) 1
 (71 4) 3 (71 5) 2 (72 1) 1 (72 2) 4 (72 3) 2 (72 4) 5 (72 5) 3 (73 1) 1 (73
 2) 4 (73 3) 2 (73 4) 3 (73 5) 5 (74 1) 1 (74 2) 4 (74 3) 5 (74 4) 3 (74 5) 2
 (75 1) 2 (75 2) 1 (75 3) 4 (75 4) 5 (75 5) 3 (76 1) 2 (76 2) 3 (76 3) 4 (76
 4) 1 (76 5) 5 (77 1) 4 (77 2) 1 (77 3) 3 (77 4) 5 (77 5) 2 (78 1) 4 (78 2) 2
 (78 3) 3 (78 4) 5 (78 5) 1 (79 1) 4 (79 2) 5 (79 3) 3 (79 4) 2 (79 5) 1 (80
 1) 3 (80 2) 4 (80 3) 1 (80 4) 2 (80 5) 5 (81 1) 2 (81 2) 4 (81 3) 3 (81 4) 1
 (81 5) 5 (82 1) 5 (82 2) 3 (82 3) 2 (82 4) 4 (82 5) 1 (83 1) 1 (83 2) 2 (83
 3) 3 (83 4) 5 (83 5) 4 (84 1) 5 (84 2) 1 (84 3) 2 (84 4) 4 (84 5) 3 (85 1) 2
 (85 2) 1 (85 3) 3 (85 4) 4 (85 5) 5 (86 1) 5 (86 2) 1 (86 3) 2 (86 4) 3 (86
 5) 4 (87 1) 5 (87 2) 1 (87 3) 4 (87 4) 2 (87 5) 3 (88 1) 1 (88 2) 3 (88 3) 2
 (88 4) 5 (88 5) 4 (89 1) 3 (89 2) 5 (89 3) 2 (89 4) 1 (89 5) 4 (90 1) 3 (90
 2) 5 (90 3) 1 (90 4) 4 (90 5) 2 (91 1) 4 (91 2) 3 (91 3) 5 (91 4) 2 (91 5) 1
 (92 1) 4 (92 2) 2 (92 3) 5 (92 4) 1 (92 5) 3 (93 1) 2 (93 2) 4 (93 3) 5 (93
 4) 3 (93 5) 1 (94 1) 3 (94 2) 1 (94 3) 5 (94 4) 4 (94 5) 2 (95 1) 1 (95 2) 5
 (95 3) 3 (95 4) 2 (95 5) 4 (96 1) 2 (96 2) 5 (96 3) 4 (96 4) 3 (96 5) 1 (97
 1) 3 (97 2) 2 (97 3) 4 (97 4) 5 (97 5) 1 (98 1) 1 (98 2) 5 (98 3) 3 (98 4) 4
 (98 5) 2 (99 1) 3 (99 2) 5 (99 3) 1 (99 4) 4 (99 5) 2 (100 1) 1 (100 2) 4
 (100 3) 2 (100 4) 5 (100 5) 3]
