nI: 100
nJ: 10
CapsJ: 40
nIns: 1
CostJ: [(1) 118 (2) 104 (3) 117 (4) 105 (5) 129 (6) 129 (7) 120 (8) 101 (9) 115 (10) 118]
CapJ: [(1) 40 (2) 40 (3) 40 (4) 40 (5) 40 (6) 40 (7) 40 (8) 40 (9) 40 (10) 40]
CostIJ: [(1 1) 30 (1 2) 18 (1 3) 27 (1 4) 28 (1 5) 28 (1 6) 15 (1 7) 28 (1 8) 19 (1
 9) 28 (1 10) 16 (2 1) 20 (2 2) 14 (2 3) 23 (2 4) 14 (2 5) 30 (2 6) 28 (2 7) 17
 (2 8) 17 (2 9) 26 (2 10) 14 (3 1) 18 (3 2) 27 (3 3) 28 (3 4) 23 (3 5) 16 (3
 6) 12 (3 7) 20 (3 8) 20 (3 9) 17 (3 10) 27 (4 1) 16 (4 2) 25 (4 3) 10 (4 4) 19
 (4 5) 25 (4 6) 20 (4 7) 18 (4 8) 12 (4 9) 18 (4 10) 21 (5 1) 21 (5 2) 27 (5
 3) 18 (5 4) 26 (5 5) 19 (5 6) 11 (5 7) 17 (5 8) 23 (5 9) 17 (5 10) 28 (6 1) 26
 (6 2) 12 (6 3) 24 (6 4) 25 (6 5) 20 (6 6) 27 (6 7) 17 (6 8) 12 (6 9) 12 (6
 10) 14 (7 1) 23 (7 2) 10 (7 3) 14 (7 4) 21 (7 5) 16 (7 6) 12 (7 7) 11 (7 8) 11
 (7 9) 29 (7 10) 25 (8 1) 20 (8 2) 19 (8 3) 13 (8 4) 16 (8 5) 14 (8 6) 16 (8
 7) 19 (8 8) 28 (8 9) 11 (8 10) 24 (9 1) 20 (9 2) 25 (9 3) 10 (9 4) 30 (9 5) 28
 (9 6) 10 (9 7) 24 (9 8) 21 (9 9) 14 (9 10) 20 (10 1) 27 (10 2) 12 (10 3) 14
 (10 4) 10 (10 5) 29 (10 6) 18 (10 7) 26 (10 8) 26 (10 9) 16 (10 10) 11 (11
 1) 15 (11 2) 29 (11 3) 23 (11 4) 17 (11 5) 17 (11 6) 26 (11 7) 12 (11 8) 13
 (11 9) 25 (11 10) 22 (12 1) 24 (12 2) 26 (12 3) 17 (12 4) 30 (12 5) 25 (12
 6) 15 (12 7) 23 (12 8) 25 (12 9) 15 (12 10) 11 (13 1) 30 (13 2) 15 (13 3) 29
 (13 4) 15 (13 5) 29 (13 6) 26 (13 7) 21 (13 8) 13 (13 9) 17 (13 10) 12 (14
 1) 24 (14 2) 27 (14 3) 29 (14 4) 28 (14 5) 15 (14 6) 18 (14 7) 12 (14 8) 24
 (14 9) 23 (14 10) 11 (15 1) 14 (15 2) 21 (15 3) 23 (15 4) 13 (15 5) 10 (15
 6) 23 (15 7) 16 (15 8) 27 (15 9) 20 (15 10) 24 (16 1) 15 (16 2) 23 (16 3) 23
 (16 4) 22 (16 5) 14 (16 6) 22 (16 7) 17 (16 8) 21 (16 9) 26 (16 10) 12 (17
 1) 24 (17 2) 23 (17 3) 10 (17 4) 24 (17 5) 21 (17 6) 27 (17 7) 12 (17 8) 29
 (17 9) 16 (17 10) 12 (18 1) 14 (18 2) 12 (18 3) 12 (18 4) 29 (18 5) 27 (18
 6) 25 (18 7) 20 (18 8) 27 (18 9) 15 (18 10) 18 (19 1) 21 (19 2) 22 (19 3) 14
 (19 4) 15 (19 5) 25 (19 6) 21 (19 7) 14 (19 8) 17 (19 9) 25 (19 10) 27 (20
 1) 27 (20 2) 20 (20 3) 11 (20 4) 22 (20 5) 11 (20 6) 30 (20 7) 11 (20 8) 18
 (20 9) 15 (20 10) 10 (21 1) 18 (21 2) 28 (21 3) 18 (21 4) 10 (21 5) 12 (21
 6) 15 (21 7) 14 (21 8) 27 (21 9) 27 (21 10) 26 (22 1) 29 (22 2) 14 (22 3) 11
 (22 4) 25 (22 5) 16 (22 6) 14 (22 7) 30 (22 8) 11 (22 9) 13 (22 10) 25 (23
 1) 20 (23 2) 12 (23 3) 19 (23 4) 13 (23 5) 13 (23 6) 28 (23 7) 25 (23 8) 21
 (23 9) 22 (23 10) 14 (24 1) 29 (24 2) 12 (24 3) 23 (24 4) 15 (24 5) 25 (24
 6) 22 (24 7) 15 (24 8) 11 (24 9) 14 (24 10) 13 (25 1) 15 (25 2) 15 (25 3) 21
 (25 4) 20 (25 5) 26 (25 6) 27 (25 7) 29 (25 8) 12 (25 9) 16 (25 10) 20 (26
 1) 27 (26 2) 18 (26 3) 25 (26 4) 14 (26 5) 29 (26 6) 15 (26 7) 10 (26 8) 13
 (26 9) 24 (26 10) 23 (27 1) 19 (27 2) 15 (27 3) 21 (27 4) 17 (27 5) 30 (27
 6) 26 (27 7) 23 (27 8) 15 (27 9) 20 (27 10) 18 (28 1) 16 (28 2) 16 (28 3) 29
 (28 4) 30 (28 5) 24 (28 6) 24 (28 7) 15 (28 8) 29 (28 9) 15 (28 10) 12 (29
 1) 10 (29 2) 20 (29 3) 17 (29 4) 30 (29 5) 19 (29 6) 16 (29 7) 21 (29 8) 16
 (29 9) 15 (29 10) 30 (30 1) 19 (30 2) 17 (30 3) 26 (30 4) 24 (30 5) 20 (30
 6) 18 (30 7) 26 (30 8) 10 (30 9) 15 (30 10) 19 (31 1) 10 (31 2) 30 (31 3) 23
 (31 4) 26 (31 5) 30 (31 6) 19 (31 7) 27 (31 8) 26 (31 9) 10 (31 10) 25 (32
 1) 17 (32 2) 26 (32 3) 30 (32 4) 26 (32 5) 26 (32 6) 11 (32 7) 19 (32 8) 19
 (32 9) 26 (32 10) 24 (33 1) 22 (33 2) 17 (33 3) 30 (33 4) 22 (33 5) 15 (33
 6) 20 (33 7) 27 (33 8) 15 (33 9) 21 (33 10) 21 (34 1) 20 (34 2) 19 (34 3) 25
 (34 4) 21 (34 5) 25 (34 6) 12 (34 7) 23 (34 8) 14 (34 9) 10 (34 10) 27 (35
 1) 22 (35 2) 13 (35 3) 11 (35 4) 22 (35 5) 23 (35 6) 28 (35 7) 22 (35 8) 25
 (35 9) 14 (35 10) 22 (36 1) 27 (36 2) 24 (36 3) 18 (36 4) 28 (36 5) 24 (36
 6) 11 (36 7) 22 (36 8) 26 (36 9) 13 (36 10) 18 (37 1) 11 (37 2) 12 (37 3) 14
 (37 4) 24 (37 5) 27 (37 6) 28 (37 7) 27 (37 8) 18 (37 9) 15 (37 10) 26 (38
 1) 15 (38 2) 16 (38 3) 21 (38 4) 28 (38 5) 12 (38 6) 12 (38 7) 18 (38 8) 30
 (38 9) 17 (38 10) 21 (39 1) 27 (39 2) 23 (39 3) 24 (39 4) 19 (39 5) 15 (39
 6) 22 (39 7) 30 (39 8) 16 (39 9) 24 (39 10) 13 (40 1) 22 (40 2) 18 (40 3) 17
 (40 4) 15 (40 5) 12 (40 6) 26 (40 7) 26 (40 8) 27 (40 9) 28 (40 10) 12 (41
 1) 19 (41 2) 26 (41 3) 20 (41 4) 14 (41 5) 11 (41 6) 24 (41 7) 29 (41 8) 20
 (41 9) 13 (41 10) 17 (42 1) 14 (42 2) 23 (42 3) 23 (42 4) 30 (42 5) 17 (42
 6) 25 (42 7) 24 (42 8) 13 (42 9) 10 (42 10) 21 (43 1) 19 (43 2) 12 (43 3) 16
 (43 4) 25 (43 5) 12 (43 6) 13 (43 7) 24 (43 8) 11 (43 9) 11 (43 10) 21 (44
 1) 20 (44 2) 11 (44 3) 18 (44 4) 23 (44 5) 28 (44 6) 25 (44 7) 30 (44 8) 26
 (44 9) 10 (44 10) 30 (45 1) 24 (45 2) 19 (45 3) 15 (45 4) 22 (45 5) 24 (45
 6) 19 (45 7) 16 (45 8) 20 (45 9) 30 (45 10) 11 (46 1) 23 (46 2) 26 (46 3) 25
 (46 4) 12 (46 5) 18 (46 6) 28 (46 7) 20 (46 8) 15 (46 9) 15 (46 10) 29 (47
 1) 15 (47 2) 22 (47 3) 18 (47 4) 14 (47 5) 14 (47 6) 13 (47 7) 26 (47 8) 22
 (47 9) 10 (47 10) 15 (48 1) 19 (48 2) 29 (48 3) 24 (48 4) 23 (48 5) 15 (48
 6) 10 (48 7) 14 (48 8) 24 (48 9) 25 (48 10) 16 (49 1) 12 (49 2) 20 (49 3) 14
 (49 4) 22 (49 5) 27 (49 6) 30 (49 7) 22 (49 8) 25 (49 9) 13 (49 10) 14 (50
 1) 23 (50 2) 29 (50 3) 21 (50 4) 28 (50 5) 10 (50 6) 25 (50 7) 27 (50 8) 30
 (50 9) 22 (50 10) 20 (51 1) 14 (51 2) 13 (51 3) 19 (51 4) 13 (51 5) 13 (51
 6) 29 (51 7) 28 (51 8) 13 (51 9) 28 (51 10) 13 (52 1) 23 (52 2) 28 (52 3) 18
 (52 4) 10 (52 5) 28 (52 6) 29 (52 7) 23 (52 8) 17 (52 9) 30 (52 10) 19 (53
 1) 28 (53 2) 10 (53 3) 14 (53 4) 13 (53 5) 14 (53 6) 15 (53 7) 13 (53 8) 29
 (53 9) 25 (53 10) 28 (54 1) 25 (54 2) 17 (54 3) 13 (54 4) 25 (54 5) 20 (54
 6) 25 (54 7) 22 (54 8) 12 (54 9) 30 (54 10) 22 (55 1) 20 (55 2) 19 (55 3) 10
 (55 4) 11 (55 5) 11 (55 6) 12 (55 7) 19 (55 8) 17 (55 9) 21 (55 10) 15 (56
 1) 10 (56 2) 10 (56 3) 21 (56 4) 20 (56 5) 24 (56 6) 28 (56 7) 20 (56 8) 21
 (56 9) 17 (56 10) 24 (57 1) 13 (57 2) 11 (57 3) 27 (57 4) 14 (57 5) 24 (57
 6) 13 (57 7) 13 (57 8) 27 (57 9) 27 (57 10) 27 (58 1) 13 (58 2) 22 (58 3) 25
 (58 4) 17 (58 5) 29 (58 6) 22 (58 7) 23 (58 8) 28 (58 9) 19 (58 10) 11 (59
 1) 25 (59 2) 30 (59 3) 16 (59 4) 20 (59 5) 11 (59 6) 26 (59 7) 21 (59 8) 13
 (59 9) 19 (59 10) 22 (60 1) 19 (60 2) 10 (60 3) 14 (60 4) 25 (60 5) 21 (60
 6) 20 (60 7) 28 (60 8) 17 (60 9) 16 (60 10) 15 (61 1) 30 (61 2) 30 (61 3) 30
 (61 4) 16 (61 5) 26 (61 6) 19 (61 7) 20 (61 8) 29 (61 9) 18 (61 10) 10 (62
 1) 16 (62 2) 18 (62 3) 11 (62 4) 11 (62 5) 28 (62 6) 28 (62 7) 14 (62 8) 22
 (62 9) 29 (62 10) 10 (63 1) 25 (63 2) 23 (63 3) 17 (63 4) 24 (63 5) 28 (63
 6) 21 (63 7) 28 (63 8) 17 (63 9) 30 (63 10) 20 (64 1) 22 (64 2) 21 (64 3) 10
 (64 4) 17 (64 5) 25 (64 6) 29 (64 7) 30 (64 8) 27 (64 9) 10 (64 10) 25 (65
 1) 18 (65 2) 13 (65 3) 29 (65 4) 26 (65 5) 10 (65 6) 19 (65 7) 29 (65 8) 29
 (65 9) 30 (65 10) 27 (66 1) 30 (66 2) 28 (66 3) 17 (66 4) 30 (66 5) 25 (66
 6) 11 (66 7) 10 (66 8) 20 (66 9) 27 (66 10) 27 (67 1) 15 (67 2) 19 (67 3) 15
 (67 4) 24 (67 5) 29 (67 6) 26 (67 7) 21 (67 8) 23 (67 9) 10 (67 10) 13 (68
 1) 25 (68 2) 24 (68 3) 30 (68 4) 28 (68 5) 12 (68 6) 27 (68 7) 25 (68 8) 20
 (68 9) 24 (68 10) 11 (69 1) 27 (69 2) 23 (69 3) 21 (69 4) 11 (69 5) 14 (69
 6) 17 (69 7) 11 (69 8) 19 (69 9) 30 (69 10) 20 (70 1) 26 (70 2) 19 (70 3) 23
 (70 4) 30 (70 5) 14 (70 6) 19 (70 7) 15 (70 8) 24 (70 9) 12 (70 10) 18 (71
 1) 14 (71 2) 25 (71 3) 16 (71 4) 28 (71 5) 28 (71 6) 11 (71 7) 29 (71 8) 23
 (71 9) 16 (71 10) 20 (72 1) 17 (72 2) 28 (72 3) 15 (72 4) 30 (72 5) 14 (72
 6) 26 (72 7) 13 (72 8) 26 (72 9) 14 (72 10) 17 (73 1) 11 (73 2) 12 (73 3) 11
 (73 4) 10 (73 5) 19 (73 6) 24 (73 7) 28 (73 8) 30 (73 9) 22 (73 10) 19 (74
 1) 17 (74 2) 21 (74 3) 22 (74 4) 18 (74 5) 26 (74 6) 28 (74 7) 11 (74 8) 23
 (74 9) 27 (74 10) 26 (75 1) 10 (75 2) 27 (75 3) 21 (75 4) 14 (75 5) 14 (75
 6) 21 (75 7) 21 (75 8) 10 (75 9) 20 (75 10) 23 (76 1) 22 (76 2) 15 (76 3) 13
 (76 4) 27 (76 5) 20 (76 6) 18 (76 7) 25 (76 8) 10 (76 9) 22 (76 10) 22 (77
 1) 21 (77 2) 16 (77 3) 19 (77 4) 18 (77 5) 19 (77 6) 22 (77 7) 28 (77 8) 22
 (77 9) 12 (77 10) 28 (78 1) 28 (78 2) 21 (78 3) 15 (78 4) 24 (78 5) 28 (78
 6) 12 (78 7) 10 (78 8) 20 (78 9) 24 (78 10) 13 (79 1) 25 (79 2) 16 (79 3) 16
 (79 4) 25 (79 5) 12 (79 6) 10 (79 7) 16 (79 8) 24 (79 9) 22 (79 10) 24 (80
 1) 24 (80 2) 19 (80 3) 13 (80 4) 24 (80 5) 20 (80 6) 12 (80 7) 15 (80 8) 13
 (80 9) 20 (80 10) 18 (81 1) 11 (81 2) 23 (81 3) 30 (81 4) 24 (81 5) 11 (81
 6) 21 (81 7) 28 (81 8) 13 (81 9) 21 (81 10) 16 (82 1) 26 (82 2) 25 (82 3) 10
 (82 4) 13 (82 5) 19 (82 6) 27 (82 7) 26 (82 8) 15 (82 9) 26 (82 10) 23 (83
 1) 25 (83 2) 28 (83 3) 17 (83 4) 21 (83 5) 21 (83 6) 16 (83 7) 25 (83 8) 10
 (83 9) 27 (83 10) 21 (84 1) 24 (84 2) 16 (84 3) 21 (84 4) 18 (84 5) 22 (84
 6) 16 (84 7) 27 (84 8) 27 (84 9) 11 (84 10) 11 (85 1) 13 (85 2) 27 (85 3) 23
 (85 4) 11 (85 5) 24 (85 6) 21 (85 7) 10 (85 8) 15 (85 9) 27 (85 10) 28 (86
 1) 18 (86 2) 23 (86 3) 28 (86 4) 27 (86 5) 30 (86 6) 24 (86 7) 29 (86 8) 16
 (86 9) 14 (86 10) 22 (87 1) 15 (87 2) 12 (87 3) 22 (87 4) 17 (87 5) 16 (87
 6) 11 (87 7) 12 (87 8) 11 (87 9) 25 (87 10) 15 (88 1) 17 (88 2) 24 (88 3) 28
 (88 4) 18 (88 5) 26 (88 6) 15 (88 7) 18 (88 8) 21 (88 9) 23 (88 10) 19 (89
 1) 10 (89 2) 30 (89 3) 12 (89 4) 23 (89 5) 20 (89 6) 23 (89 7) 30 (89 8) 25
 (89 9) 14 (89 10) 25 (90 1) 19 (90 2) 26 (90 3) 29 (90 4) 17 (90 5) 12 (90
 6) 19 (90 7) 13 (90 8) 14 (90 9) 12 (90 10) 13 (91 1) 28 (91 2) 21 (91 3) 27
 (91 4) 11 (91 5) 30 (91 6) 14 (91 7) 19 (91 8) 11 (91 9) 18 (91 10) 23 (92
 1) 19 (92 2) 25 (92 3) 17 (92 4) 21 (92 5) 28 (92 6) 16 (92 7) 28 (92 8) 13
 (92 9) 30 (92 10) 18 (93 1) 19 (93 2) 17 (93 3) 24 (93 4) 21 (93 5) 22 (93
 6) 30 (93 7) 25 (93 8) 17 (93 9) 26 (93 10) 26 (94 1) 26 (94 2) 27 (94 3) 19
 (94 4) 16 (94 5) 17 (94 6) 23 (94 7) 12 (94 8) 10 (94 9) 15 (94 10) 21 (95
 1) 22 (95 2) 21 (95 3) 24 (95 4) 23 (95 5) 30 (95 6) 21 (95 7) 25 (95 8) 14
 (95 9) 11 (95 10) 15 (96 1) 10 (96 2) 13 (96 3) 20 (96 4) 23 (96 5) 26 (96
 6) 29 (96 7) 20 (96 8) 26 (96 9) 16 (96 10) 12 (97 1) 26 (97 2) 16 (97 3) 17
 (97 4) 14 (97 5) 28 (97 6) 10 (97 7) 17 (97 8) 12 (97 9) 25 (97 10) 22 (98
 1) 21 (98 2) 27 (98 3) 19 (98 4) 27 (98 5) 27 (98 6) 22 (98 7) 28 (98 8) 22
 (98 9) 22 (98 10) 27 (99 1) 28 (99 2) 28 (99 3) 28 (99 4) 16 (99 5) 21 (99
 6) 12 (99 7) 15 (99 8) 23 (99 9) 13 (99 10) 10 (100 1) 10 (100 2) 15 (100
 3) 24 (100 4) 26 (100 5) 28 (100 6) 21 (100 7) 25 (100 8) 28 (100 9) 19 (100
 10) 20]
Pref: [(1 1) 9 (1 2) 7 (1 3) 4 (1 4) 2 (1 5) 10 (1 6) 1 (1 7) 5 (1 8) 6 (1 9) 3 (1
 10) 8 (2 1) 3 (2 2) 4 (2 3) 10 (2 4) 8 (2 5) 5 (2 6) 1 (2 7) 9 (2 8) 6 (2
 9) 7 (2 10) 2 (3 1) 10 (3 2) 3 (3 3) 5 (3 4) 7 (3 5) 8 (3 6) 9 (3 7) 2 (3
 8) 1 (3 9) 6 (3 10) 4 (4 1) 2 (4 2) 9 (4 3) 6 (4 4) 1 (4 5) 4 (4 6) 3 (4 7) 5
 (4 8) 7 (4 9) 10 (4 10) 8 (5 1) 6 (5 2) 8 (5 3) 10 (5 4) 9 (5 5) 5 (5 6) 2
 (5 7) 3 (5 8) 4 (5 9) 1 (5 10) 7 (6 1) 2 (6 2) 1 (6 3) 8 (6 4) 4 (6 5) 9 (6
 6) 5 (6 7) 6 (6 8) 10 (6 9) 3 (6 10) 7 (7 1) 1 (7 2) 5 (7 3) 3 (7 4) 6 (7
 5) 2 (7 6) 9 (7 7) 8 (7 8) 7 (7 9) 4 (7 10) 10 (8 1) 6 (8 2) 4 (8 3) 7 (8
 4) 2 (8 5) 3 (8 6) 9 (8 7) 1 (8 8) 5 (8 9) 10 (8 10) 8 (9 1) 5 (9 2) 1 (9
 3) 3 (9 4) 2 (9 5) 7 (9 6) 4 (9 7) 8 (9 8) 9 (9 9) 6 (9 10) 10 (10 1) 4 (10
 2) 3 (10 3) 5 (10 4) 6 (10 5) 9 (10 6) 2 (10 7) 10 (10 8) 1 (10 9) 7 (10 10) 8
 (11 1) 10 (11 2) 9 (11 3) 1 (11 4) 5 (11 5) 7 (11 6) 4 (11 7) 3 (11 8) 2 (11
 9) 8 (11 10) 6 (12 1) 9 (12 2) 3 (12 3) 7 (12 4) 10 (12 5) 6 (12 6) 1 (12
 7) 8 (12 8) 4 (12 9) 5 (12 10) 2 (13 1) 9 (13 2) 2 (13 3) 7 (13 4) 1 (13 5) 10
 (13 6) 5 (13 7) 8 (13 8) 4 (13 9) 6 (13 10) 3 (14 1) 3 (14 2) 10 (14 3) 1
 (14 4) 6 (14 5) 7 (14 6) 2 (14 7) 9 (14 8) 8 (14 9) 5 (14 10) 4 (15 1) 9 (15
 2) 1 (15 3) 7 (15 4) 4 (15 5) 5 (15 6) 3 (15 7) 6 (15 8) 10 (15 9) 8 (15 10) 2
 (16 1) 9 (16 2) 7 (16 3) 1 (16 4) 3 (16 5) 4 (16 6) 8 (16 7) 5 (16 8) 6 (16
 9) 10 (16 10) 2 (17 1) 2 (17 2) 6 (17 3) 8 (17 4) 9 (17 5) 1 (17 6) 5 (17
 7) 4 (17 8) 10 (17 9) 3 (17 10) 7 (18 1) 2 (18 2) 3 (18 3) 9 (18 4) 5 (18
 5) 8 (18 6) 4 (18 7) 7 (18 8) 6 (18 9) 10 (18 10) 1 (19 1) 6 (19 2) 3 (19
 3) 10 (19 4) 8 (19 5) 1 (19 6) 7 (19 7) 9 (19 8) 2 (19 9) 4 (19 10) 5 (20
 1) 9 (20 2) 5 (20 3) 8 (20 4) 4 (20 5) 1 (20 6) 6 (20 7) 3 (20 8) 2 (20 9) 10
 (20 10) 7 (21 1) 2 (21 2) 3 (21 3) 4 (21 4) 5 (21 5) 9 (21 6) 7 (21 7) 10
 (21 8) 8 (21 9) 1 (21 10) 6 (22 1) 10 (22 2) 3 (22 3) 4 (22 4) 6 (22 5) 7
 (22 6) 9 (22 7) 8 (22 8) 2 (22 9) 5 (22 10) 1 (23 1) 3 (23 2) 7 (23 3) 6 (23
 4) 5 (23 5) 4 (23 6) 8 (23 7) 10 (23 8) 9 (23 9) 2 (23 10) 1 (24 1) 9 (24
 2) 5 (24 3) 4 (24 4) 1 (24 5) 6 (24 6) 3 (24 7) 7 (24 8) 2 (24 9) 10 (24 10) 8
 (25 1) 5 (25 2) 3 (25 3) 4 (25 4) 2 (25 5) 9 (25 6) 7 (25 7) 10 (25 8) 6 (25
 9) 1 (25 10) 8 (26 1) 3 (26 2) 5 (26 3) 10 (26 4) 8 (26 5) 2 (26 6) 1 (26
 7) 9 (26 8) 7 (26 9) 4 (26 10) 6 (27 1) 2 (27 2) 7 (27 3) 1 (27 4) 5 (27 5) 3
 (27 6) 4 (27 7) 10 (27 8) 6 (27 9) 8 (27 10) 9 (28 1) 7 (28 2) 5 (28 3) 1
 (28 4) 2 (28 5) 4 (28 6) 10 (28 7) 8 (28 8) 9 (28 9) 3 (28 10) 6 (29 1) 10
 (29 2) 5 (29 3) 2 (29 4) 4 (29 5) 9 (29 6) 1 (29 7) 3 (29 8) 7 (29 9) 8 (29
 10) 6 (30 1) 4 (30 2) 10 (30 3) 6 (30 4) 1 (30 5) 9 (30 6) 3 (30 7) 7 (30
 8) 8 (30 9) 5 (30 10) 2 (31 1) 7 (31 2) 4 (31 3) 5 (31 4) 10 (31 5) 1 (31
 6) 6 (31 7) 8 (31 8) 3 (31 9) 9 (31 10) 2 (32 1) 4 (32 2) 3 (32 3) 5 (32 4) 9
 (32 5) 1 (32 6) 2 (32 7) 8 (32 8) 6 (32 9) 10 (32 10) 7 (33 1) 3 (33 2) 9
 (33 3) 2 (33 4) 5 (33 5) 7 (33 6) 1 (33 7) 10 (33 8) 4 (33 9) 8 (33 10) 6
 (34 1) 10 (34 2) 7 (34 3) 9 (34 4) 5 (34 5) 1 (34 6) 8 (34 7) 2 (34 8) 6 (34
 9) 4 (34 10) 3 (35 1) 2 (35 2) 7 (35 3) 4 (35 4) 8 (35 5) 6 (35 6) 1 (35 7) 10
 (35 8) 5 (35 9) 9 (35 10) 3 (36 1) 5 (36 2) 3 (36 3) 10 (36 4) 2 (36 5) 6
 (36 6) 1 (36 7) 7 (36 8) 9 (36 9) 4 (36 10) 8 (37 1) 1 (37 2) 10 (37 3) 2
 (37 4) 8 (37 5) 7 (37 6) 3 (37 7) 5 (37 8) 6 (37 9) 9 (37 10) 4 (38 1) 1 (38
 2) 10 (38 3) 2 (38 4) 4 (38 5) 5 (38 6) 7 (38 7) 3 (38 8) 8 (38 9) 9 (38 10) 6
 (39 1) 6 (39 2) 5 (39 3) 7 (39 4) 8 (39 5) 4 (39 6) 10 (39 7) 9 (39 8) 3 (39
 9) 2 (39 10) 1 (40 1) 8 (40 2) 6 (40 3) 5 (40 4) 4 (40 5) 3 (40 6) 1 (40 7) 9
 (40 8) 2 (40 9) 10 (40 10) 7 (41 1) 10 (41 2) 2 (41 3) 7 (41 4) 8 (41 5) 1
 (41 6) 3 (41 7) 4 (41 8) 5 (41 9) 6 (41 10) 9 (42 1) 2 (42 2) 1 (42 3) 6 (42
 4) 8 (42 5) 10 (42 6) 3 (42 7) 7 (42 8) 5 (42 9) 9 (42 10) 4 (43 1) 9 (43
 2) 3 (43 3) 5 (43 4) 7 (43 5) 2 (43 6) 6 (43 7) 1 (43 8) 4 (43 9) 10 (43 10) 8
 (44 1) 6 (44 2) 5 (44 3) 2 (44 4) 3 (44 5) 10 (44 6) 7 (44 7) 9 (44 8) 4 (44
 9) 1 (44 10) 8 (45 1) 9 (45 2) 5 (45 3) 6 (45 4) 2 (45 5) 7 (45 6) 8 (45 7) 10
 (45 8) 1 (45 9) 4 (45 10) 3 (46 1) 2 (46 2) 7 (46 3) 3 (46 4) 4 (46 5) 9 (46
 6) 6 (46 7) 8 (46 8) 5 (46 9) 10 (46 10) 1 (47 1) 9 (47 2) 5 (47 3) 1 (47
 4) 3 (47 5) 8 (47 6) 7 (47 7) 10 (47 8) 2 (47 9) 6 (47 10) 4 (48 1) 3 (48
 2) 1 (48 3) 7 (48 4) 8 (48 5) 9 (48 6) 4 (48 7) 10 (48 8) 6 (48 9) 5 (48 10) 2
 (49 1) 3 (49 2) 5 (49 3) 4 (49 4) 2 (49 5) 6 (49 6) 7 (49 7) 8 (49 8) 9 (49
 9) 10 (49 10) 1 (50 1) 4 (50 2) 2 (50 3) 1 (50 4) 6 (50 5) 3 (50 6) 10 (50
 7) 8 (50 8) 7 (50 9) 9 (50 10) 5 (51 1) 5 (51 2) 10 (51 3) 6 (51 4) 9 (51
 5) 3 (51 6) 4 (51 7) 8 (51 8) 7 (51 9) 1 (51 10) 2 (52 1) 6 (52 2) 4 (52 3) 5
 (52 4) 2 (52 5) 9 (52 6) 3 (52 7) 8 (52 8) 7 (52 9) 1 (52 10) 10 (53 1) 4
 (53 2) 9 (53 3) 6 (53 4) 2 (53 5) 8 (53 6) 10 (53 7) 3 (53 8) 7 (53 9) 1 (53
 10) 5 (54 1) 8 (54 2) 4 (54 3) 1 (54 4) 10 (54 5) 6 (54 6) 5 (54 7) 7 (54
 8) 2 (54 9) 3 (54 10) 9 (55 1) 5 (55 2) 4 (55 3) 9 (55 4) 6 (55 5) 7 (55 6) 8
 (55 7) 3 (55 8) 2 (55 9) 1 (55 10) 10 (56 1) 8 (56 2) 6 (56 3) 5 (56 4) 9
 (56 5) 1 (56 6) 10 (56 7) 4 (56 8) 3 (56 9) 7 (56 10) 2 (57 1) 5 (57 2) 3
 (57 3) 7 (57 4) 9 (57 5) 8 (57 6) 2 (57 7) 6 (57 8) 4 (57 9) 1 (57 10) 10
 (58 1) 10 (58 2) 6 (58 3) 8 (58 4) 3 (58 5) 7 (58 6) 2 (58 7) 5 (58 8) 9 (58
 9) 4 (58 10) 1 (59 1) 7 (59 2) 3 (59 3) 5 (59 4) 4 (59 5) 1 (59 6) 10 (59
 7) 9 (59 8) 2 (59 9) 8 (59 10) 6 (60 1) 6 (60 2) 1 (60 3) 7 (60 4) 8 (60 5) 3
 (60 6) 5 (60 7) 2 (60 8) 10 (60 9) 9 (60 10) 4 (61 1) 5 (61 2) 7 (61 3) 1
 (61 4) 3 (61 5) 2 (61 6) 4 (61 7) 10 (61 8) 9 (61 9) 6 (61 10) 8 (62 1) 9
 (62 2) 5 (62 3) 2 (62 4) 7 (62 5) 1 (62 6) 3 (62 7) 8 (62 8) 6 (62 9) 10 (62
 10) 4 (63 1) 4 (63 2) 6 (63 3) 2 (63 4) 3 (63 5) 8 (63 6) 9 (63 7) 7 (63 8) 10
 (63 9) 5 (63 10) 1 (64 1) 10 (64 2) 4 (64 3) 6 (64 4) 5 (64 5) 1 (64 6) 8
 (64 7) 2 (64 8) 9 (64 9) 3 (64 10) 7 (65 1) 2 (65 2) 9 (65 3) 3 (65 4) 5 (65
 5) 1 (65 6) 7 (65 7) 4 (65 8) 8 (65 9) 6 (65 10) 10 (66 1) 8 (66 2) 3 (66
 3) 4 (66 4) 6 (66 5) 2 (66 6) 9 (66 7) 5 (66 8) 10 (66 9) 1 (66 10) 7 (67
 1) 10 (67 2) 7 (67 3) 8 (67 4) 6 (67 5) 3 (67 6) 9 (67 7) 1 (67 8) 4 (67 9) 2
 (67 10) 5 (68 1) 3 (68 2) 8 (68 3) 1 (68 4) 10 (68 5) 4 (68 6) 5 (68 7) 9
 (68 8) 2 (68 9) 6 (68 10) 7 (69 1) 10 (69 2) 3 (69 3) 4 (69 4) 9 (69 5) 6
 (69 6) 1 (69 7) 7 (69 8) 2 (69 9) 5 (69 10) 8 (70 1) 8 (70 2) 1 (70 3) 5 (70
 4) 7 (70 5) 10 (70 6) 9 (70 7) 6 (70 8) 2 (70 9) 3 (70 10) 4 (71 1) 3 (71
 2) 5 (71 3) 8 (71 4) 6 (71 5) 10 (71 6) 1 (71 7) 4 (71 8) 9 (71 9) 7 (71 10) 2
 (72 1) 3 (72 2) 1 (72 3) 4 (72 4) 2 (72 5) 6 (72 6) 7 (72 7) 9 (72 8) 10 (72
 9) 5 (72 10) 8 (73 1) 5 (73 2) 7 (73 3) 6 (73 4) 8 (73 5) 4 (73 6) 3 (73 7) 2
 (73 8) 9 (73 9) 10 (73 10) 1 (74 1) 5 (74 2) 2 (74 3) 9 (74 4) 4 (74 5) 6
 (74 6) 7 (74 7) 10 (74 8) 8 (74 9) 1 (74 10) 3 (75 1) 8 (75 2) 1 (75 3) 5
 (75 4) 3 (75 5) 6 (75 6) 2 (75 7) 10 (75 8) 9 (75 9) 4 (75 10) 7 (76 1) 4
 (76 2) 2 (76 3) 10 (76 4) 3 (76 5) 9 (76 6) 8 (76 7) 5 (76 8) 1 (76 9) 7 (76
 10) 6 (77 1) 5 (77 2) 3 (77 3) 4 (77 4) 9 (77 5) 1 (77 6) 10 (77 7) 6 (77
 8) 2 (77 9) 8 (77 10) 7 (78 1) 7 (78 2) 8 (78 3) 10 (78 4) 5 (78 5) 1 (78
 6) 2 (78 7) 9 (78 8) 6 (78 9) 3 (78 10) 4 (79 1) 2 (79 2) 1 (79 3) 6 (79 4) 9
 (79 5) 4 (79 6) 8 (79 7) 7 (79 8) 5 (79 9) 10 (79 10) 3 (80 1) 6 (80 2) 10
 (80 3) 5 (80 4) 8 (80 5) 1 (80 6) 3 (80 7) 9 (80 8) 2 (80 9) 7 (80 10) 4 (81
 1) 7 (81 2) 5 (81 3) 3 (81 4) 8 (81 5) 1 (81 6) 4 (81 7) 10 (81 8) 9 (81 9) 2
 (81 10) 6 (82 1) 1 (82 2) 6 (82 3) 3 (82 4) 8 (82 5) 5 (82 6) 7 (82 7) 9 (82
 8) 10 (82 9) 4 (82 10) 2 (83 1) 5 (83 2) 8 (83 3) 4 (83 4) 1 (83 5) 10 (83
 6) 3 (83 7) 9 (83 8) 6 (83 9) 2 (83 10) 7 (84 1) 8 (84 2) 9 (84 3) 10 (84
 4) 2 (84 5) 7 (84 6) 4 (84 7) 3 (84 8) 6 (84 9) 1 (84 10) 5 (85 1) 3 (85 2) 4
 (85 3) 7 (85 4) 2 (85 5) 8 (85 6) 9 (85 7) 1 (85 8) 6 (85 9) 5 (85 10) 10
 (86 1) 5 (86 2) 8 (86 3) 3 (86 4) 6 (86 5) 2 (86 6) 9 (86 7) 1 (86 8) 10 (86
 9) 7 (86 10) 4 (87 1) 10 (87 2) 8 (87 3) 9 (87 4) 5 (87 5) 6 (87 6) 2 (87
 7) 3 (87 8) 1 (87 9) 4 (87 10) 7 (88 1) 4 (88 2) 6 (88 3) 5 (88 4) 8 (88 5) 1
 (88 6) 9 (88 7) 10 (88 8) 7 (88 9) 3 (88 10) 2 (89 1) 9 (89 2) 2 (89 3) 4
 (89 4) 7 (89 5) 5 (89 6) 3 (89 7) 10 (89 8) 6 (89 9) 8 (89 10) 1 (90 1) 3
 (90 2) 4 (90 3) 6 (90 4) 5 (90 5) 1 (90 6) 8 (90 7) 9 (90 8) 10 (90 9) 2 (90
 10) 7 (91 1) 2 (91 2) 7 (91 3) 10 (91 4) 5 (91 5) 9 (91 6) 3 (91 7) 8 (91
 8) 4 (91 9) 6 (91 10) 1 (92 1) 2 (92 2) 3 (92 3) 10 (92 4) 5 (92 5) 7 (92
 6) 9 (92 7) 6 (92 8) 8 (92 9) 1 (92 10) 4 (93 1) 6 (93 2) 8 (93 3) 10 (93
 4) 3 (93 5) 4 (93 6) 5 (93 7) 2 (93 8) 9 (93 9) 7 (93 10) 1 (94 1) 10 (94
 2) 4 (94 3) 7 (94 4) 8 (94 5) 6 (94 6) 5 (94 7) 1 (94 8) 9 (94 9) 3 (94 10) 2
 (95 1) 8 (95 2) 5 (95 3) 4 (95 4) 7 (95 5) 2 (95 6) 3 (95 7) 6 (95 8) 1 (95
 9) 10 (95 10) 9 (96 1) 2 (96 2) 3 (96 3) 10 (96 4) 7 (96 5) 5 (96 6) 9 (96
 7) 6 (96 8) 4 (96 9) 8 (96 10) 1 (97 1) 10 (97 2) 8 (97 3) 3 (97 4) 6 (97
 5) 7 (97 6) 9 (97 7) 2 (97 8) 1 (97 9) 5 (97 10) 4 (98 1) 3 (98 2) 7 (98 3) 10
 (98 4) 4 (98 5) 8 (98 6) 1 (98 7) 9 (98 8) 6 (98 9) 5 (98 10) 2 (99 1) 2 (99
 2) 4 (99 3) 1 (99 4) 8 (99 5) 5 (99 6) 7 (99 7) 6 (99 8) 3 (99 9) 9 (99 10) 10
 (100 1) 4 (100 2) 3 (100 3) 6 (100 4) 10 (100 5) 5 (100 6) 7 (100 7) 9 (100
 8) 8 (100 9) 2 (100 10) 1]
