nI: 50
nJ: 5
CapsJ: 12
nIns: 4
CostJ: [(1) 118 (2) 122 (3) 111 (4) 123 (5) 119]
CapJ: [(1) 12 (2) 12 (3) 12 (4) 12 (5) 12]
CostIJ: [(1 1) 30 (1 2) 21 (1 3) 12 (1 4) 15 (1 5) 23 (2 1) 24 (2 2) 18 (2 3) 21 (2
 4) 30 (2 5) 14 (3 1) 28 (3 2) 18 (3 3) 17 (3 4) 22 (3 5) 25 (4 1) 20 (4 2) 21
 (4 3) 12 (4 4) 28 (4 5) 22 (5 1) 16 (5 2) 29 (5 3) 15 (5 4) 29 (5 5) 16 (6
 1) 16 (6 2) 15 (6 3) 16 (6 4) 13 (6 5) 26 (7 1) 30 (7 2) 29 (7 3) 12 (7 4) 27
 (7 5) 20 (8 1) 27 (8 2) 28 (8 3) 20 (8 4) 22 (8 5) 24 (9 1) 23 (9 2) 26 (9
 3) 11 (9 4) 28 (9 5) 24 (10 1) 20 (10 2) 25 (10 3) 21 (10 4) 28 (10 5) 19
 (11 1) 20 (11 2) 23 (11 3) 12 (11 4) 17 (11 5) 21 (12 1) 26 (12 2) 14 (12
 3) 24 (12 4) 23 (12 5) 10 (13 1) 26 (13 2) 10 (13 3) 23 (13 4) 12 (13 5) 27
 (14 1) 28 (14 2) 24 (14 3) 19 (14 4) 24 (14 5) 25 (15 1) 12 (15 2) 21 (15
 3) 19 (15 4) 12 (15 5) 14 (16 1) 16 (16 2) 23 (16 3) 17 (16 4) 13 (16 5) 10
 (17 1) 15 (17 2) 11 (17 3) 20 (17 4) 27 (17 5) 18 (18 1) 12 (18 2) 28 (18
 3) 14 (18 4) 13 (18 5) 11 (19 1) 14 (19 2) 16 (19 3) 30 (19 4) 24 (19 5) 23
 (20 1) 17 (20 2) 13 (20 3) 15 (20 4) 14 (20 5) 11 (21 1) 14 (21 2) 24 (21
 3) 25 (21 4) 30 (21 5) 19 (22 1) 10 (22 2) 29 (22 3) 15 (22 4) 27 (22 5) 18
 (23 1) 24 (23 2) 13 (23 3) 23 (23 4) 14 (23 5) 20 (24 1) 30 (24 2) 24 (24
 3) 26 (24 4) 29 (24 5) 17 (25 1) 17 (25 2) 20 (25 3) 22 (25 4) 27 (25 5) 17
 (26 1) 18 (26 2) 18 (26 3) 10 (26 4) 30 (26 5) 14 (27 1) 26 (27 2) 29 (27
 3) 16 (27 4) 28 (27 5) 11 (28 1) 10 (28 2) 16 (28 3) 24 (28 4) 13 (28 5) 22
 (29 1) 16 (29 2) 13 (29 3) 29 (29 4) 11 (29 5) 20 (30 1) 23 (30 2) 15 (30
 3) 29 (30 4) 26 (30 5) 12 (31 1) 27 (31 2) 11 (31 3) 20 (31 4) 21 (31 5) 20
 (32 1) 20 (32 2) 13 (32 3) 23 (32 4) 25 (32 5) 14 (33 1) 24 (33 2) 15 (33
 3) 25 (33 4) 11 (33 5) 23 (34 1) 14 (34 2) 24 (34 3) 18 (34 4) 11 (34 5) 14
 (35 1) 12 (35 2) 26 (35 3) 28 (35 4) 26 (35 5) 28 (36 1) 10 (36 2) 23 (36
 3) 26 (36 4) 23 (36 5) 23 (37 1) 28 (37 2) 24 (37 3) 14 (37 4) 18 (37 5) 12
 (38 1) 25 (38 2) 29 (38 3) 25 (38 4) 30 (38 5) 18 (39 1) 24 (39 2) 28 (39
 3) 25 (39 4) 10 (39 5) 20 (40 1) 11 (40 2) 22 (40 3) 29 (40 4) 26 (40 5) 29
 (41 1) 25 (41 2) 22 (41 3) 20 (41 4) 17 (41 5) 30 (42 1) 22 (42 2) 22 (42
 3) 30 (42 4) 17 (42 5) 26 (43 1) 15 (43 2) 23 (43 3) 30 (43 4) 19 (43 5) 23
 (44 1) 27 (44 2) 27 (44 3) 19 (44 4) 15 (44 5) 21 (45 1) 21 (45 2) 27 (45
 3) 15 (45 4) 12 (45 5) 25 (46 1) 13 (46 2) 22 (46 3) 19 (46 4) 13 (46 5) 18
 (47 1) 20 (47 2) 30 (47 3) 17 (47 4) 13 (47 5) 18 (48 1) 19 (48 2) 14 (48
 3) 11 (48 4) 20 (48 5) 19 (49 1) 18 (49 2) 30 (49 3) 24 (49 4) 25 (49 5) 17
 (50 1) 15 (50 2) 25 (50 3) 23 (50 4) 28 (50 5) 22]
Pref: [(1 1) 4 (1 2) 2 (1 3) 3 (1 4) 5 (1 5) 1 (2 1) 1 (2 2) 2 (2 3) 4 (2 4) 5 (2
 5) 3 (3 1) 2 (3 2) 1 (3 3) 4 (3 4) 5 (3 5) 3 (4 1) 4 (4 2) 1 (4 3) 5 (4 4) 3
 (4 5) 2 (5 1) 5 (5 2) 4 (5 3) 1 (5 4) 3 (5 5) 2 (6 1) 2 (6 2) 1 (6 3) 3 (6
 4) 4 (6 5) 5 (7 1) 2 (7 2) 3 (7 3) 5 (7 4) 4 (7 5) 1 (8 1) 2 (8 2) 1 (8 3) 3
 (8 4) 4 (8 5) 5 (9 1) 1 (9 2) 3 (9 3) 4 (9 4) 2 (9 5) 5 (10 1) 4 (10 2) 1
 (10 3) 5 (10 4) 3 (10 5) 2 (11 1) 2 (11 2) 5 (11 3) 1 (11 4) 4 (11 5) 3 (12
 1) 2 (12 2) 4 (12 3) 3 (12 4) 1 (12 5) 5 (13 1) 4 (13 2) 3 (13 3) 2 (13 4) 1
 (13 5) 5 (14 1) 3 (14 2) 2 (14 3) 1 (14 4) 4 (14 5) 5 (15 1) 4 (15 2) 5 (15
 3) 2 (15 4) 3 (15 5) 1 (16 1) 4 (16 2) 3 (16 3) 1 (16 4) 5 (16 5) 2 (17 1) 2
 (17 2) 1 (17 3) 4 (17 4) 5 (17 5) 3 (18 1) 3 (18 2) 2 (18 3) 5 (18 4) 4 (18
 5) 1 (19 1) 2 (19 2) 5 (19 3) 3 (19 4) 4 (19 5) 1 (20 1) 1 (20 2) 3 (20 3) 4
 (20 4) 2 (20 5) 5 (21 1) 1 (21 2) 2 (21 3) 5 (21 4) 4 (21 5) 3 (22 1) 1 (22
 2) 4 (22 3) 5 (22 4) 3 (22 5) 2 (23 1) 5 (23 2) 1 (23 3) 2 (23 4) 4 (23 5) 3
 (24 1) 4 (24 2) 3 (24 3) 2 (24 4) 1 (24 5) 5 (25 1) 4 (25 2) 2 (25 3) 1 (25
 4) 5 (25 5) 3 (26 1) 2 (26 2) 3 (26 3) 1 (26 4) 5 (26 5) 4 (27 1) 1 (27 2) 3
 (27 3) 4 (27 4) 2 (27 5) 5 (28 1) 2 (28 2) 4 (28 3) 1 (28 4) 3 (28 5) 5 (29
 1) 5 (29 2) 3 (29 3) 2 (29 4) 1 (29 5) 4 (30 1) 2 (30 2) 1 (30 3) 3 (30 4) 5
 (30 5) 4 (31 1) 4 (31 2) 5 (31 3) 1 (31 4) 3 (31 5) 2 (32 1) 3 (32 2) 5 (32
 3) 4 (32 4) 2 (32 5) 1 (33 1) 3 (33 2) 5 (33 3) 4 (33 4) 2 (33 5) 1 (34 1) 3
 (34 2) 2 (34 3) 5 (34 4) 1 (34 5) 4 (35 1) 4 (35 2) 2 (35 3) 1 (35 4) 3 (35
 5) 5 (36 1) 5 (36 2) 1 (36 3) 4 (36 4) 3 (36 5) 2 (37 1) 5 (37 2) 3 (37 3) 4
 (37 4) 2 (37 5) 1 (38 1) 4 (38 2) 3 (38 3) 1 (38 4) 2 (38 5) 5 (39 1) 4 (39
 2) 3 (39 3) 5 (39 4) 2 (39 5) 1 (40 1) 1 (40 2) 4 (40 3) 2 (40 4) 5 (40 5) 3
 (41 1) 3 (41 2) 1 (41 3) 4 (41 4) 5 (41 5) 2 (42 1) 2 (42 2) 4 (42 3) 3 (42
 4) 5 (42 5) 1 (43 1) 1 (43 2) 5 (43 3) 4 (43 4) 2 (43 5) 3 (44 1) 2 (44 2) 4
 (44 3) 1 (44 4) 5 (44 5) 3 (45 1) 5 (45 2) 1 (45 3) 4 (45 4) 2 (45 5) 3 (46
 1) 2 (46 2) 3 (46 3) 4 (46 4) 1 (46 5) 5 (47 1) 5 (47 2) 3 (47 3) 4 (47 4) 1
 (47 5) 2 (48 1) 4 (48 2) 5 (48 3) 3 (48 4) 1 (48 5) 2 (49 1) 4 (49 2) 1 (49
 3) 2 (49 4) 5 (49 5) 3 (50 1) 4 (50 2) 3 (50 3) 1 (50 4) 2 (50 5) 5]
