nI: 100
nJ: 5
CapsJ: 24
nIns: 1
CostJ: [(1) 117 (2) 123 (3) 118 (4) 101 (5) 130]
CapJ: [(1) 24 (2) 24 (3) 24 (4) 24 (5) 24]
CostIJ: [(1 1) 10 (1 2) 14 (1 3) 12 (1 4) 30 (1 5) 28 (2 1) 29 (2 2) 26 (2 3) 13 (2
 4) 14 (2 5) 27 (3 1) 12 (3 2) 25 (3 3) 10 (3 4) 12 (3 5) 24 (4 1) 10 (4 2) 13
 (4 3) 11 (4 4) 15 (4 5) 16 (5 1) 25 (5 2) 25 (5 3) 15 (5 4) 20 (5 5) 21 (6
 1) 13 (6 2) 30 (6 3) 24 (6 4) 20 (6 5) 26 (7 1) 27 (7 2) 19 (7 3) 22 (7 4) 30
 (7 5) 25 (8 1) 27 (8 2) 13 (8 3) 16 (8 4) 26 (8 5) 27 (9 1) 10 (9 2) 23 (9
 3) 14 (9 4) 20 (9 5) 20 (10 1) 18 (10 2) 30 (10 3) 20 (10 4) 24 (10 5) 22
 (11 1) 16 (11 2) 22 (11 3) 15 (11 4) 14 (11 5) 26 (12 1) 28 (12 2) 19 (12
 3) 15 (12 4) 15 (12 5) 22 (13 1) 26 (13 2) 18 (13 3) 11 (13 4) 13 (13 5) 27
 (14 1) 14 (14 2) 23 (14 3) 13 (14 4) 11 (14 5) 30 (15 1) 21 (15 2) 13 (15
 3) 28 (15 4) 20 (15 5) 26 (16 1) 15 (16 2) 19 (16 3) 15 (16 4) 21 (16 5) 29
 (17 1) 13 (17 2) 13 (17 3) 25 (17 4) 17 (17 5) 22 (18 1) 18 (18 2) 21 (18
 3) 23 (18 4) 30 (18 5) 16 (19 1) 11 (19 2) 21 (19 3) 12 (19 4) 21 (19 5) 10
 (20 1) 20 (20 2) 15 (20 3) 10 (20 4) 21 (20 5) 26 (21 1) 27 (21 2) 15 (21
 3) 25 (21 4) 21 (21 5) 14 (22 1) 25 (22 2) 18 (22 3) 19 (22 4) 15 (22 5) 28
 (23 1) 28 (23 2) 18 (23 3) 23 (23 4) 24 (23 5) 18 (24 1) 22 (24 2) 30 (24
 3) 20 (24 4) 24 (24 5) 25 (25 1) 30 (25 2) 22 (25 3) 13 (25 4) 28 (25 5) 30
 (26 1) 18 (26 2) 19 (26 3) 15 (26 4) 19 (26 5) 30 (27 1) 23 (27 2) 24 (27
 3) 19 (27 4) 12 (27 5) 24 (28 1) 17 (28 2) 15 (28 3) 28 (28 4) 17 (28 5) 28
 (29 1) 18 (29 2) 23 (29 3) 13 (29 4) 14 (29 5) 26 (30 1) 12 (30 2) 11 (30
 3) 28 (30 4) 10 (30 5) 19 (31 1) 17 (31 2) 18 (31 3) 20 (31 4) 11 (31 5) 19
 (32 1) 27 (32 2) 15 (32 3) 14 (32 4) 23 (32 5) 18 (33 1) 25 (33 2) 15 (33
 3) 28 (33 4) 30 (33 5) 25 (34 1) 17 (34 2) 22 (34 3) 27 (34 4) 24 (34 5) 17
 (35 1) 28 (35 2) 30 (35 3) 25 (35 4) 21 (35 5) 18 (36 1) 16 (36 2) 12 (36
 3) 26 (36 4) 20 (36 5) 25 (37 1) 23 (37 2) 25 (37 3) 10 (37 4) 29 (37 5) 14
 (38 1) 18 (38 2) 16 (38 3) 18 (38 4) 22 (38 5) 14 (39 1) 24 (39 2) 28 (39
 3) 15 (39 4) 23 (39 5) 10 (40 1) 18 (40 2) 17 (40 3) 18 (40 4) 18 (40 5) 12
 (41 1) 14 (41 2) 21 (41 3) 23 (41 4) 17 (41 5) 18 (42 1) 23 (42 2) 23 (42
 3) 16 (42 4) 10 (42 5) 25 (43 1) 11 (43 2) 16 (43 3) 30 (43 4) 22 (43 5) 13
 (44 1) 19 (44 2) 12 (44 3) 30 (44 4) 13 (44 5) 22 (45 1) 30 (45 2) 20 (45
 3) 19 (45 4) 15 (45 5) 20 (46 1) 19 (46 2) 27 (46 3) 22 (46 4) 12 (46 5) 21
 (47 1) 28 (47 2) 12 (47 3) 15 (47 4) 21 (47 5) 16 (48 1) 22 (48 2) 11 (48
 3) 11 (48 4) 29 (48 5) 23 (49 1) 13 (49 2) 28 (49 3) 17 (49 4) 18 (49 5) 10
 (50 1) 15 (50 2) 16 (50 3) 27 (50 4) 29 (50 5) 19 (51 1) 13 (51 2) 14 (51
 3) 20 (51 4) 13 (51 5) 28 (52 1) 26 (52 2) 12 (52 3) 27 (52 4) 24 (52 5) 13
 (53 1) 28 (53 2) 15 (53 3) 30 (53 4) 16 (53 5) 26 (54 1) 22 (54 2) 22 (54
 3) 23 (54 4) 18 (54 5) 20 (55 1) 18 (55 2) 23 (55 3) 30 (55 4) 16 (55 5) 16
 (56 1) 19 (56 2) 23 (56 3) 27 (56 4) 13 (56 5) 11 (57 1) 25 (57 2) 10 (57
 3) 10 (57 4) 21 (57 5) 22 (58 1) 26 (58 2) 22 (58 3) 12 (58 4) 15 (58 5) 12
 (59 1) 18 (59 2) 12 (59 3) 27 (59 4) 26 (59 5) 10 (60 1) 19 (60 2) 19 (60
 3) 14 (60 4) 27 (60 5) 18 (61 1) 20 (61 2) 21 (61 3) 26 (61 4) 13 (61 5) 22
 (62 1) 17 (62 2) 10 (62 3) 16 (62 4) 24 (62 5) 29 (63 1) 17 (63 2) 21 (63
 3) 15 (63 4) 13 (63 5) 21 (64 1) 30 (64 2) 10 (64 3) 10 (64 4) 29 (64 5) 27
 (65 1) 25 (65 2) 18 (65 3) 18 (65 4) 25 (65 5) 26 (66 1) 29 (66 2) 25 (66
 3) 17 (66 4) 10 (66 5) 27 (67 1) 26 (67 2) 10 (67 3) 23 (67 4) 19 (67 5) 14
 (68 1) 11 (68 2) 29 (68 3) 19 (68 4) 30 (68 5) 22 (69 1) 30 (69 2) 10 (69
 3) 25 (69 4) 11 (69 5) 27 (70 1) 12 (70 2) 12 (70 3) 16 (70 4) 30 (70 5) 27
 (71 1) 15 (71 2) 21 (71 3) 20 (71 4) 27 (71 5) 14 (72 1) 11 (72 2) 17 (72
 3) 20 (72 4) 23 (72 5) 15 (73 1) 13 (73 2) 20 (73 3) 22 (73 4) 23 (73 5) 19
 (74 1) 20 (74 2) 23 (74 3) 27 (74 4) 13 (74 5) 12 (75 1) 10 (75 2) 20 (75
 3) 11 (75 4) 12 (75 5) 14 (76 1) 28 (76 2) 30 (76 3) 21 (76 4) 10 (76 5) 28
 (77 1) 17 (77 2) 12 (77 3) 24 (77 4) 10 (77 5) 20 (78 1) 13 (78 2) 13 (78
 3) 13 (78 4) 30 (78 5) 21 (79 1) 17 (79 2) 14 (79 3) 19 (79 4) 13 (79 5) 23
 (80 1) 16 (80 2) 11 (80 3) 30 (80 4) 15 (80 5) 23 (81 1) 14 (81 2) 12 (81
 3) 11 (81 4) 22 (81 5) 29 (82 1) 15 (82 2) 19 (82 3) 16 (82 4) 25 (82 5) 11
 (83 1) 27 (83 2) 23 (83 3) 25 (83 4) 24 (83 5) 26 (84 1) 16 (84 2) 11 (84
 3) 29 (84 4) 17 (84 5) 21 (85 1) 21 (85 2) 13 (85 3) 25 (85 4) 15 (85 5) 23
 (86 1) 25 (86 2) 20 (86 3) 21 (86 4) 30 (86 5) 12 (87 1) 13 (87 2) 11 (87
 3) 19 (87 4) 28 (87 5) 27 (88 1) 26 (88 2) 10 (88 3) 10 (88 4) 12 (88 5) 11
 (89 1) 20 (89 2) 30 (89 3) 16 (89 4) 25 (89 5) 23 (90 1) 29 (90 2) 11 (90
 3) 15 (90 4) 16 (90 5) 15 (91 1) 17 (91 2) 10 (91 3) 26 (91 4) 24 (91 5) 19
 (92 1) 20 (92 2) 21 (92 3) 24 (92 4) 23 (92 5) 15 (93 1) 17 (93 2) 20 (93
 3) 24 (93 4) 27 (93 5) 17 (94 1) 20 (94 2) 25 (94 3) 11 (94 4) 10 (94 5) 24
 (95 1) 30 (95 2) 11 (95 3) 25 (95 4) 20 (95 5) 19 (96 1) 12 (96 2) 15 (96
 3) 14 (96 4) 14 (96 5) 21 (97 1) 26 (97 2) 30 (97 3) 10 (97 4) 15 (97 5) 16
 (98 1) 23 (98 2) 30 (98 3) 17 (98 4) 20 (98 5) 13 (99 1) 16 (99 2) 12 (99
 3) 16 (99 4) 28 (99 5) 28 (100 1) 17 (100 2) 27 (100 3) 16 (100 4) 20 (100
 5) 16]
Pref: [(1 1) 3 (1 2) 4 (1 3) 1 (1 4) 5 (1 5) 2 (2 1) 3 (2 2) 2 (2 3) 4 (2 4) 5 (2
 5) 1 (3 1) 3 (3 2) 1 (3 3) 2 (3 4) 4 (3 5) 5 (4 1) 2 (4 2) 3 (4 3) 5 (4 4) 4
 (4 5) 1 (5 1) 5 (5 2) 4 (5 3) 1 (5 4) 3 (5 5) 2 (6 1) 2 (6 2) 5 (6 3) 4 (6
 4) 3 (6 5) 1 (7 1) 1 (7 2) 3 (7 3) 4 (7 4) 2 (7 5) 5 (8 1) 4 (8 2) 5 (8 3) 3
 (8 4) 2 (8 5) 1 (9 1) 5 (9 2) 3 (9 3) 2 (9 4) 1 (9 5) 4 (10 1) 3 (10 2) 1
 (10 3) 4 (10 4) 5 (10 5) 2 (11 1) 4 (11 2) 1 (11 3) 3 (11 4) 2 (11 5) 5 (12
 1) 5 (12 2) 4 (12 3) 2 (12 4) 1 (12 5) 3 (13 1) 5 (13 2) 1 (13 3) 4 (13 4) 3
 (13 5) 2 (14 1) 1 (14 2) 3 (14 3) 5 (14 4) 4 (14 5) 2 (15 1) 3 (15 2) 5 (15
 3) 2 (15 4) 4 (15 5) 1 (16 1) 4 (16 2) 3 (16 3) 5 (16 4) 1 (16 5) 2 (17 1) 2
 (17 2) 4 (17 3) 3 (17 4) 5 (17 5) 1 (18 1) 1 (18 2) 2 (18 3) 3 (18 4) 5 (18
 5) 4 (19 1) 1 (19 2) 3 (19 3) 5 (19 4) 4 (19 5) 2 (20 1) 2 (20 2) 1 (20 3) 5
 (20 4) 3 (20 5) 4 (21 1) 2 (21 2) 4 (21 3) 3 (21 4) 5 (21 5) 1 (22 1) 1 (22
 2) 5 (22 3) 4 (22 4) 2 (22 5) 3 (23 1) 1 (23 2) 3 (23 3) 4 (23 4) 5 (23 5) 2
 (24 1) 5 (24 2) 4 (24 3) 3 (24 4) 2 (24 5) 1 (25 1) 3 (25 2) 2 (25 3) 1 (25
 4) 4 (25 5) 5 (26 1) 4 (26 2) 1 (26 3) 5 (26 4) 2 (26 5) 3 (27 1) 1 (27 2) 3
 (27 3) 4 (27 4) 2 (27 5) 5 (28 1) 1 (28 2) 2 (28 3) 5 (28 4) 3 (28 5) 4 (29
 1) 5 (29 2) 3 (29 3) 4 (29 4) 1 (29 5) 2 (30 1) 2 (30 2) 4 (30 3) 1 (30 4) 5
 (30 5) 3 (31 1) 2 (31 2) 5 (31 3) 3 (31 4) 4 (31 5) 1 (32 1) 5 (32 2) 4 (32
 3) 3 (32 4) 1 (32 5) 2 (33 1) 3 (33 2) 1 (33 3) 2 (33 4) 5 (33 5) 4 (34 1) 5
 (34 2) 3 (34 3) 1 (34 4) 2 (34 5) 4 (35 1) 1 (35 2) 3 (35 3) 4 (35 4) 5 (35
 5) 2 (36 1) 1 (36 2) 2 (36 3) 4 (36 4) 5 (36 5) 3 (37 1) 2 (37 2) 5 (37 3) 3
 (37 4) 1 (37 5) 4 (38 1) 3 (38 2) 4 (38 3) 2 (38 4) 5 (38 5) 1 (39 1) 4 (39
 2) 1 (39 3) 5 (39 4) 2 (39 5) 3 (40 1) 5 (40 2) 1 (40 3) 4 (40 4) 3 (40 5) 2
 (41 1) 1 (41 2) 2 (41 3) 4 (41 4) 3 (41 5) 5 (42 1) 3 (42 2) 1 (42 3) 4 (42
 4) 2 (42 5) 5 (43 1) 1 (43 2) 4 (43 3) 2 (43 4) 3 (43 5) 5 (44 1) 2 (44 2) 1
 (44 3) 4 (44 4) 5 (44 5) 3 (45 1) 5 (45 2) 4 (45 3) 1 (45 4) 2 (45 5) 3 (46
 1) 3 (46 2) 2 (46 3) 4 (46 4) 1 (46 5) 5 (47 1) 2 (47 2) 3 (47 3) 4 (47 4) 1
 (47 5) 5 (48 1) 1 (48 2) 2 (48 3) 3 (48 4) 5 (48 5) 4 (49 1) 3 (49 2) 4 (49
 3) 1 (49 4) 2 (49 5) 5 (50 1) 3 (50 2) 4 (50 3) 1 (50 4) 5 (50 5) 2 (51 1) 2
 (51 2) 3 (51 3) 1 (51 4) 5 (51 5) 4 (52 1) 4 (52 2) 2 (52 3) 1 (52 4) 5 (52
 5) 3 (53 1) 5 (53 2) 4 (53 3) 1 (53 4) 2 (53 5) 3 (54 1) 4 (54 2) 5 (54 3) 2
 (54 4) 3 (54 5) 1 (55 1) 2 (55 2) 3 (55 3) 5 (55 4) 1 (55 5) 4 (56 1) 3 (56
 2) 4 (56 3) 1 (56 4) 5 (56 5) 2 (57 1) 5 (57 2) 4 (57 3) 1 (57 4) 2 (57 5) 3
 (58 1) 2 (58 2) 3 (58 3) 4 (58 4) 1 (58 5) 5 (59 1) 2 (59 2) 3 (59 3) 5 (59
 4) 4 (59 5) 1 (60 1) 1 (60 2) 2 (60 3) 5 (60 4) 3 (60 5) 4 (61 1) 1 (61 2) 5
 (61 3) 3 (61 4) 2 (61 5) 4 (62 1) 2 (62 2) 5 (62 3) 4 (62 4) 1 (62 5) 3 (63
 1) 2 (63 2) 3 (63 3) 5 (63 4) 1 (63 5) 4 (64 1) 1 (64 2) 3 (64 3) 4 (64 4) 2
 (64 5) 5 (65 1) 3 (65 2) 5 (65 3) 1 (65 4) 2 (65 5) 4 (66 1) 3 (66 2) 1 (66
 3) 4 (66 4) 2 (66 5) 5 (67 1) 1 (67 2) 4 (67 3) 2 (67 4) 3 (67 5) 5 (68 1) 2
 (68 2) 1 (68 3) 3 (68 4) 5 (68 5) 4 (69 1) 3 (69 2) 4 (69 3) 1 (69 4) 5 (69
 5) 2 (70 1) 1 (70 2) 5 (70 3) 4 (70 4) 3 (70 5) 2 (71 1) 2 (71 2) 3 (71 3) 4
 (71 4) 5 (71 5) 1 (72 1) 1 (72 2) 3 (72 3) 4 (72 4) 2 (72 5) 5 (73 1) 4 (73
 2) 5 (73 3) 3 (73 4) 2 (73 5) 1 (74 1) 5 (74 2) 1 (74 3) 2 (74 4) 3 (74 5) 4
 (75 1) 2 (75 2) 4 (75 3) 5 (75 4) 3 (75 5) 1 (76 1) 4 (76 2) 2 (76 3) 3 (76
 4) 1 (76 5) 5 (77 1) 4 (77 2) 2 (77 3) 5 (77 4) 3 (77 5) 1 (78 1) 5 (78 2) 4
 (78 3) 2 (78 4) 3 (78 5) 1 (79 1) 2 (79 2) 4 (79 3) 5 (79 4) 1 (79 5) 3 (80
 1) 4 (80 2) 2 (80 3) 3 (80 4) 1 (80 5) 5 (81 1) 3 (81 2) 4 (81 3) 2 (81 4) 5
 (81 5) 1 (82 1) 1 (82 2) 4 (82 3) 3 (82 4) 2 (82 5) 5 (83 1) 4 (83 2) 1 (83
 3) 2 (83 4) 5 (83 5) 3 (84 1) 4 (84 2) 5 (84 3) 1 (84 4) 3 (84 5) 2 (85 1) 2
 (85 2) 3 (85 3) 4 (85 4) 1 (85 5) 5 (86 1) 2 (86 2) 3 (86 3) 5 (86 4) 4 (86
 5) 1 (87 1) 3 (87 2) 4 (87 3) 5 (87 4) 2 (87 5) 1 (88 1) 2 (88 2) 3 (88 3) 1
 (88 4) 5 (88 5) 4 (89 1) 3 (89 2) 4 (89 3) 2 (89 4) 5 (89 5) 1 (90 1) 1 (90
 2) 3 (90 3) 5 (90 4) 4 (90 5) 2 (91 1) 4 (91 2) 5 (91 3) 2 (91 4) 1 (91 5) 3
 (92 1) 5 (92 2) 2 (92 3) 3 (92 4) 1 (92 5) 4 (93 1) 2 (93 2) 1 (93 3) 4 (93
 4) 5 (93 5) 3 (94 1) 4 (94 2) 3 (94 3) 1 (94 4) 2 (94 5) 5 (95 1) 4 (95 2) 1
 (95 3) 3 (95 4) 2 (95 5) 5 (96 1) 3 (96 2) 1 (96 3) 5 (96 4) 2 (96 5) 4 (97
 1) 3 (97 2) 4 (97 3) 2 (97 4) 1 (97 5) 5 (98 1) 4 (98 2) 2 (98 3) 1 (98 4) 5
 (98 5) 3 (99 1) 3 (99 2) 2 (99 3) 1 (99 4) 5 (99 5) 4 (100 1) 4 (100 2) 5
 (100 3) 3 (100 4) 1 (100 5) 2]
