nI: 50
nJ: 10
CapsJ: 20
nIns: 2
CostJ: [(1) 118 (2) 119 (3) 120 (4) 113 (5) 112 (6) 104 (7) 117 (8) 121 (9) 115 (10) 123]
CapJ: [(1) 20 (2) 20 (3) 20 (4) 20 (5) 20 (6) 20 (7) 20 (8) 20 (9) 20 (10) 20]
CostIJ: [(1 1) 24 (1 2) 18 (1 3) 28 (1 4) 18 (1 5) 24 (1 6) 12 (1 7) 20 (1 8) 26 (1
 9) 18 (1 10) 10 (2 1) 26 (2 2) 16 (2 3) 17 (2 4) 27 (2 5) 25 (2 6) 13 (2 7) 12
 (2 8) 26 (2 9) 18 (2 10) 27 (3 1) 25 (3 2) 24 (3 3) 13 (3 4) 18 (3 5) 24 (3
 6) 26 (3 7) 16 (3 8) 30 (3 9) 28 (3 10) 22 (4 1) 27 (4 2) 17 (4 3) 17 (4 4) 17
 (4 5) 19 (4 6) 19 (4 7) 13 (4 8) 15 (4 9) 22 (4 10) 23 (5 1) 23 (5 2) 24 (5
 3) 20 (5 4) 18 (5 5) 26 (5 6) 18 (5 7) 28 (5 8) 23 (5 9) 16 (5 10) 26 (6 1) 11
 (6 2) 22 (6 3) 28 (6 4) 11 (6 5) 11 (6 6) 26 (6 7) 20 (6 8) 23 (6 9) 16 (6
 10) 30 (7 1) 15 (7 2) 25 (7 3) 22 (7 4) 23 (7 5) 19 (7 6) 22 (7 7) 24 (7 8) 16
 (7 9) 30 (7 10) 23 (8 1) 10 (8 2) 23 (8 3) 30 (8 4) 30 (8 5) 30 (8 6) 21 (8
 7) 21 (8 8) 22 (8 9) 27 (8 10) 20 (9 1) 23 (9 2) 16 (9 3) 27 (9 4) 11 (9 5) 20
 (9 6) 10 (9 7) 10 (9 8) 15 (9 9) 18 (9 10) 13 (10 1) 20 (10 2) 22 (10 3) 13
 (10 4) 28 (10 5) 18 (10 6) 26 (10 7) 16 (10 8) 17 (10 9) 14 (10 10) 20 (11
 1) 29 (11 2) 16 (11 3) 17 (11 4) 21 (11 5) 25 (11 6) 13 (11 7) 20 (11 8) 11
 (11 9) 26 (11 10) 14 (12 1) 27 (12 2) 29 (12 3) 14 (12 4) 15 (12 5) 23 (12
 6) 17 (12 7) 19 (12 8) 22 (12 9) 15 (12 10) 25 (13 1) 25 (13 2) 16 (13 3) 21
 (13 4) 22 (13 5) 16 (13 6) 26 (13 7) 24 (13 8) 15 (13 9) 21 (13 10) 21 (14
 1) 12 (14 2) 28 (14 3) 30 (14 4) 12 (14 5) 16 (14 6) 29 (14 7) 15 (14 8) 14
 (14 9) 20 (14 10) 22 (15 1) 27 (15 2) 14 (15 3) 13 (15 4) 22 (15 5) 21 (15
 6) 12 (15 7) 20 (15 8) 28 (15 9) 24 (15 10) 22 (16 1) 28 (16 2) 13 (16 3) 15
 (16 4) 25 (16 5) 27 (16 6) 30 (16 7) 25 (16 8) 23 (16 9) 30 (16 10) 17 (17
 1) 10 (17 2) 15 (17 3) 27 (17 4) 27 (17 5) 19 (17 6) 17 (17 7) 23 (17 8) 12
 (17 9) 23 (17 10) 25 (18 1) 25 (18 2) 15 (18 3) 20 (18 4) 21 (18 5) 28 (18
 6) 25 (18 7) 25 (18 8) 17 (18 9) 21 (18 10) 26 (19 1) 11 (19 2) 13 (19 3) 15
 (19 4) 18 (19 5) 18 (19 6) 10 (19 7) 13 (19 8) 29 (19 9) 26 (19 10) 12 (20
 1) 26 (20 2) 12 (20 3) 17 (20 4) 27 (20 5) 25 (20 6) 30 (20 7) 28 (20 8) 16
 (20 9) 29 (20 10) 16 (21 1) 17 (21 2) 10 (21 3) 30 (21 4) 17 (21 5) 14 (21
 6) 20 (21 7) 15 (21 8) 30 (21 9) 26 (21 10) 11 (22 1) 26 (22 2) 19 (22 3) 18
 (22 4) 27 (22 5) 26 (22 6) 21 (22 7) 10 (22 8) 14 (22 9) 14 (22 10) 23 (23
 1) 16 (23 2) 10 (23 3) 26 (23 4) 14 (23 5) 28 (23 6) 24 (23 7) 20 (23 8) 23
 (23 9) 27 (23 10) 18 (24 1) 30 (24 2) 22 (24 3) 30 (24 4) 19 (24 5) 22 (24
 6) 16 (24 7) 28 (24 8) 25 (24 9) 28 (24 10) 12 (25 1) 30 (25 2) 16 (25 3) 13
 (25 4) 11 (25 5) 22 (25 6) 24 (25 7) 12 (25 8) 29 (25 9) 13 (25 10) 27 (26
 1) 28 (26 2) 15 (26 3) 14 (26 4) 22 (26 5) 24 (26 6) 18 (26 7) 23 (26 8) 30
 (26 9) 15 (26 10) 26 (27 1) 19 (27 2) 11 (27 3) 29 (27 4) 19 (27 5) 21 (27
 6) 12 (27 7) 20 (27 8) 21 (27 9) 30 (27 10) 21 (28 1) 20 (28 2) 21 (28 3) 15
 (28 4) 14 (28 5) 17 (28 6) 18 (28 7) 20 (28 8) 10 (28 9) 12 (28 10) 15 (29
 1) 17 (29 2) 18 (29 3) 21 (29 4) 25 (29 5) 21 (29 6) 13 (29 7) 10 (29 8) 21
 (29 9) 25 (29 10) 10 (30 1) 11 (30 2) 13 (30 3) 27 (30 4) 28 (30 5) 27 (30
 6) 10 (30 7) 19 (30 8) 22 (30 9) 18 (30 10) 18 (31 1) 18 (31 2) 22 (31 3) 24
 (31 4) 17 (31 5) 22 (31 6) 22 (31 7) 12 (31 8) 10 (31 9) 11 (31 10) 25 (32
 1) 21 (32 2) 15 (32 3) 21 (32 4) 13 (32 5) 15 (32 6) 17 (32 7) 16 (32 8) 25
 (32 9) 24 (32 10) 16 (33 1) 14 (33 2) 22 (33 3) 15 (33 4) 24 (33 5) 30 (33
 6) 24 (33 7) 27 (33 8) 20 (33 9) 19 (33 10) 29 (34 1) 20 (34 2) 25 (34 3) 25
 (34 4) 13 (34 5) 25 (34 6) 19 (34 7) 24 (34 8) 26 (34 9) 14 (34 10) 28 (35
 1) 12 (35 2) 24 (35 3) 28 (35 4) 29 (35 5) 27 (35 6) 19 (35 7) 12 (35 8) 16
 (35 9) 19 (35 10) 24 (36 1) 16 (36 2) 22 (36 3) 22 (36 4) 19 (36 5) 30 (36
 6) 27 (36 7) 27 (36 8) 18 (36 9) 10 (36 10) 28 (37 1) 30 (37 2) 28 (37 3) 20
 (37 4) 13 (37 5) 16 (37 6) 15 (37 7) 30 (37 8) 19 (37 9) 13 (37 10) 28 (38
 1) 22 (38 2) 25 (38 3) 18 (38 4) 23 (38 5) 28 (38 6) 15 (38 7) 23 (38 8) 20
 (38 9) 25 (38 10) 29 (39 1) 29 (39 2) 20 (39 3) 27 (39 4) 26 (39 5) 18 (39
 6) 12 (39 7) 17 (39 8) 21 (39 9) 30 (39 10) 27 (40 1) 30 (40 2) 27 (40 3) 24
 (40 4) 21 (40 5) 19 (40 6) 17 (40 7) 27 (40 8) 24 (40 9) 21 (40 10) 18 (41
 1) 21 (41 2) 21 (41 3) 21 (41 4) 14 (41 5) 12 (41 6) 11 (41 7) 11 (41 8) 23
 (41 9) 11 (41 10) 13 (42 1) 12 (42 2) 15 (42 3) 14 (42 4) 24 (42 5) 24 (42
 6) 13 (42 7) 26 (42 8) 24 (42 9) 14 (42 10) 16 (43 1) 12 (43 2) 27 (43 3) 12
 (43 4) 30 (43 5) 26 (43 6) 28 (43 7) 14 (43 8) 17 (43 9) 10 (43 10) 27 (44
 1) 12 (44 2) 19 (44 3) 16 (44 4) 10 (44 5) 21 (44 6) 28 (44 7) 18 (44 8) 12
 (44 9) 14 (44 10) 28 (45 1) 21 (45 2) 22 (45 3) 25 (45 4) 20 (45 5) 20 (45
 6) 14 (45 7) 12 (45 8) 22 (45 9) 16 (45 10) 16 (46 1) 11 (46 2) 27 (46 3) 23
 (46 4) 24 (46 5) 13 (46 6) 11 (46 7) 16 (46 8) 10 (46 9) 29 (46 10) 19 (47
 1) 12 (47 2) 19 (47 3) 15 (47 4) 23 (47 5) 16 (47 6) 21 (47 7) 20 (47 8) 15
 (47 9) 22 (47 10) 16 (48 1) 21 (48 2) 27 (48 3) 28 (48 4) 18 (48 5) 11 (48
 6) 20 (48 7) 23 (48 8) 10 (48 9) 28 (48 10) 21 (49 1) 30 (49 2) 28 (49 3) 26
 (49 4) 16 (49 5) 14 (49 6) 28 (49 7) 14 (49 8) 15 (49 9) 17 (49 10) 21 (50
 1) 25 (50 2) 22 (50 3) 15 (50 4) 16 (50 5) 30 (50 6) 16 (50 7) 29 (50 8) 14
 (50 9) 20 (50 10) 21]
Pref: [(1 1) 9 (1 2) 3 (1 3) 4 (1 4) 1 (1 5) 6 (1 6) 2 (1 7) 10 (1 8) 7 (1 9) 5 (1
 10) 8 (2 1) 5 (2 2) 10 (2 3) 2 (2 4) 6 (2 5) 4 (2 6) 3 (2 7) 8 (2 8) 7 (2
 9) 9 (2 10) 1 (3 1) 4 (3 2) 9 (3 3) 10 (3 4) 1 (3 5) 2 (3 6) 8 (3 7) 6 (3
 8) 3 (3 9) 7 (3 10) 5 (4 1) 7 (4 2) 9 (4 3) 6 (4 4) 8 (4 5) 1 (4 6) 10 (4
 7) 2 (4 8) 3 (4 9) 5 (4 10) 4 (5 1) 10 (5 2) 8 (5 3) 5 (5 4) 6 (5 5) 9 (5
 6) 3 (5 7) 4 (5 8) 7 (5 9) 1 (5 10) 2 (6 1) 2 (6 2) 1 (6 3) 8 (6 4) 7 (6 5) 3
 (6 6) 4 (6 7) 5 (6 8) 9 (6 9) 10 (6 10) 6 (7 1) 5 (7 2) 8 (7 3) 6 (7 4) 4
 (7 5) 10 (7 6) 9 (7 7) 2 (7 8) 3 (7 9) 1 (7 10) 7 (8 1) 5 (8 2) 9 (8 3) 6
 (8 4) 7 (8 5) 8 (8 6) 10 (8 7) 3 (8 8) 4 (8 9) 1 (8 10) 2 (9 1) 8 (9 2) 2
 (9 3) 9 (9 4) 6 (9 5) 3 (9 6) 5 (9 7) 4 (9 8) 1 (9 9) 10 (9 10) 7 (10 1) 2
 (10 2) 6 (10 3) 8 (10 4) 5 (10 5) 10 (10 6) 3 (10 7) 7 (10 8) 4 (10 9) 9 (10
 10) 1 (11 1) 9 (11 2) 10 (11 3) 7 (11 4) 3 (11 5) 5 (11 6) 2 (11 7) 1 (11
 8) 4 (11 9) 8 (11 10) 6 (12 1) 6 (12 2) 5 (12 3) 2 (12 4) 10 (12 5) 1 (12
 6) 9 (12 7) 8 (12 8) 7 (12 9) 3 (12 10) 4 (13 1) 6 (13 2) 7 (13 3) 10 (13
 4) 3 (13 5) 2 (13 6) 4 (13 7) 9 (13 8) 1 (13 9) 8 (13 10) 5 (14 1) 1 (14 2) 4
 (14 3) 2 (14 4) 9 (14 5) 3 (14 6) 6 (14 7) 5 (14 8) 7 (14 9) 8 (14 10) 10
 (15 1) 10 (15 2) 7 (15 3) 1 (15 4) 8 (15 5) 2 (15 6) 6 (15 7) 5 (15 8) 9 (15
 9) 4 (15 10) 3 (16 1) 5 (16 2) 2 (16 3) 1 (16 4) 9 (16 5) 8 (16 6) 4 (16 7) 6
 (16 8) 10 (16 9) 3 (16 10) 7 (17 1) 9 (17 2) 6 (17 3) 7 (17 4) 4 (17 5) 1
 (17 6) 5 (17 7) 10 (17 8) 8 (17 9) 2 (17 10) 3 (18 1) 10 (18 2) 7 (18 3) 2
 (18 4) 4 (18 5) 1 (18 6) 8 (18 7) 6 (18 8) 5 (18 9) 9 (18 10) 3 (19 1) 2 (19
 2) 3 (19 3) 7 (19 4) 1 (19 5) 9 (19 6) 10 (19 7) 5 (19 8) 6 (19 9) 8 (19 10) 4
 (20 1) 2 (20 2) 8 (20 3) 10 (20 4) 1 (20 5) 5 (20 6) 3 (20 7) 6 (20 8) 9 (20
 9) 7 (20 10) 4 (21 1) 3 (21 2) 2 (21 3) 9 (21 4) 10 (21 5) 8 (21 6) 5 (21
 7) 6 (21 8) 7 (21 9) 1 (21 10) 4 (22 1) 4 (22 2) 8 (22 3) 9 (22 4) 10 (22
 5) 6 (22 6) 3 (22 7) 5 (22 8) 2 (22 9) 1 (22 10) 7 (23 1) 7 (23 2) 6 (23 3) 3
 (23 4) 4 (23 5) 9 (23 6) 1 (23 7) 8 (23 8) 10 (23 9) 2 (23 10) 5 (24 1) 2
 (24 2) 3 (24 3) 8 (24 4) 7 (24 5) 5 (24 6) 6 (24 7) 9 (24 8) 10 (24 9) 1 (24
 10) 4 (25 1) 3 (25 2) 6 (25 3) 5 (25 4) 1 (25 5) 2 (25 6) 7 (25 7) 9 (25 8) 8
 (25 9) 10 (25 10) 4 (26 1) 4 (26 2) 5 (26 3) 1 (26 4) 6 (26 5) 8 (26 6) 7
 (26 7) 2 (26 8) 10 (26 9) 9 (26 10) 3 (27 1) 5 (27 2) 2 (27 3) 4 (27 4) 3
 (27 5) 1 (27 6) 6 (27 7) 8 (27 8) 7 (27 9) 9 (27 10) 10 (28 1) 8 (28 2) 3
 (28 3) 5 (28 4) 6 (28 5) 9 (28 6) 7 (28 7) 2 (28 8) 10 (28 9) 1 (28 10) 4
 (29 1) 5 (29 2) 2 (29 3) 4 (29 4) 3 (29 5) 7 (29 6) 1 (29 7) 6 (29 8) 9 (29
 9) 10 (29 10) 8 (30 1) 10 (30 2) 5 (30 3) 2 (30 4) 4 (30 5) 3 (30 6) 6 (30
 7) 7 (30 8) 8 (30 9) 1 (30 10) 9 (31 1) 6 (31 2) 1 (31 3) 8 (31 4) 5 (31 5) 2
 (31 6) 3 (31 7) 4 (31 8) 7 (31 9) 10 (31 10) 9 (32 1) 2 (32 2) 3 (32 3) 8
 (32 4) 5 (32 5) 10 (32 6) 9 (32 7) 7 (32 8) 6 (32 9) 4 (32 10) 1 (33 1) 1
 (33 2) 6 (33 3) 7 (33 4) 8 (33 5) 2 (33 6) 4 (33 7) 9 (33 8) 10 (33 9) 3 (33
 10) 5 (34 1) 7 (34 2) 1 (34 3) 8 (34 4) 3 (34 5) 4 (34 6) 10 (34 7) 9 (34
 8) 5 (34 9) 2 (34 10) 6 (35 1) 7 (35 2) 6 (35 3) 1 (35 4) 3 (35 5) 4 (35 6) 8
 (35 7) 2 (35 8) 10 (35 9) 9 (35 10) 5 (36 1) 6 (36 2) 5 (36 3) 9 (36 4) 2
 (36 5) 3 (36 6) 8 (36 7) 4 (36 8) 7 (36 9) 1 (36 10) 10 (37 1) 4 (37 2) 1
 (37 3) 6 (37 4) 3 (37 5) 5 (37 6) 9 (37 7) 7 (37 8) 10 (37 9) 8 (37 10) 2
 (38 1) 7 (38 2) 9 (38 3) 4 (38 4) 5 (38 5) 6 (38 6) 1 (38 7) 2 (38 8) 10 (38
 9) 8 (38 10) 3 (39 1) 4 (39 2) 8 (39 3) 5 (39 4) 10 (39 5) 6 (39 6) 3 (39
 7) 9 (39 8) 7 (39 9) 1 (39 10) 2 (40 1) 5 (40 2) 2 (40 3) 4 (40 4) 3 (40 5) 10
 (40 6) 1 (40 7) 8 (40 8) 7 (40 9) 9 (40 10) 6 (41 1) 2 (41 2) 5 (41 3) 9 (41
 4) 3 (41 5) 10 (41 6) 4 (41 7) 1 (41 8) 6 (41 9) 7 (41 10) 8 (42 1) 10 (42
 2) 4 (42 3) 6 (42 4) 5 (42 5) 7 (42 6) 2 (42 7) 3 (42 8) 8 (42 9) 1 (42 10) 9
 (43 1) 10 (43 2) 3 (43 3) 4 (43 4) 7 (43 5) 9 (43 6) 2 (43 7) 8 (43 8) 5 (43
 9) 1 (43 10) 6 (44 1) 7 (44 2) 3 (44 3) 2 (44 4) 5 (44 5) 8 (44 6) 10 (44
 7) 9 (44 8) 1 (44 9) 4 (44 10) 6 (45 1) 9 (45 2) 1 (45 3) 8 (45 4) 6 (45 5) 4
 (45 6) 10 (45 7) 5 (45 8) 3 (45 9) 2 (45 10) 7 (46 1) 2 (46 2) 5 (46 3) 10
 (46 4) 8 (46 5) 4 (46 6) 9 (46 7) 6 (46 8) 1 (46 9) 7 (46 10) 3 (47 1) 1 (47
 2) 9 (47 3) 2 (47 4) 10 (47 5) 7 (47 6) 3 (47 7) 8 (47 8) 6 (47 9) 4 (47 10) 5
 (48 1) 3 (48 2) 8 (48 3) 6 (48 4) 5 (48 5) 7 (48 6) 9 (48 7) 1 (48 8) 2 (48
 9) 4 (48 10) 10 (49 1) 4 (49 2) 7 (49 3) 3 (49 4) 1 (49 5) 9 (49 6) 5 (49
 7) 6 (49 8) 10 (49 9) 2 (49 10) 8 (50 1) 3 (50 2) 7 (50 3) 2 (50 4) 6 (50
 5) 4 (50 6) 5 (50 7) 1 (50 8) 8 (50 9) 10 (50 10) 9]
