nI: 100
nJ: 15
CapsJ: 40
nIns: 5
CostJ: [(1) 100 (2) 128 (3) 108 (4) 124 (5) 122 (6) 126 (7) 124 (8) 121 (9) 129 (10) 105
 (11) 113 (12) 117 (13) 114 (14) 100 (15) 106]
CapJ: [(1) 40 (2) 40 (3) 40 (4) 40 (5) 40 (6) 40 (7) 40 (8) 40 (9) 40 (10) 40 (11) 40
 (12) 40 (13) 40 (14) 40 (15) 40]
CostIJ: [(1 1) 12 (1 2) 15 (1 3) 10 (1 4) 18 (1 5) 15 (1 6) 12 (1 7) 19 (1 8) 30 (1
 9) 25 (1 10) 23 (1 11) 12 (1 12) 16 (1 13) 23 (1 14) 29 (1 15) 24 (2 1) 20
 (2 2) 21 (2 3) 25 (2 4) 12 (2 5) 17 (2 6) 29 (2 7) 17 (2 8) 14 (2 9) 18 (2
 10) 16 (2 11) 22 (2 12) 15 (2 13) 18 (2 14) 20 (2 15) 14 (3 1) 17 (3 2) 26
 (3 3) 10 (3 4) 27 (3 5) 10 (3 6) 28 (3 7) 29 (3 8) 23 (3 9) 10 (3 10) 10 (3
 11) 28 (3 12) 27 (3 13) 17 (3 14) 15 (3 15) 12 (4 1) 22 (4 2) 12 (4 3) 28
 (4 4) 20 (4 5) 28 (4 6) 17 (4 7) 26 (4 8) 22 (4 9) 18 (4 10) 27 (4 11) 19
 (4 12) 21 (4 13) 22 (4 14) 10 (4 15) 23 (5 1) 15 (5 2) 21 (5 3) 30 (5 4) 22
 (5 5) 14 (5 6) 21 (5 7) 11 (5 8) 12 (5 9) 12 (5 10) 28 (5 11) 27 (5 12) 23
 (5 13) 23 (5 14) 23 (5 15) 16 (6 1) 26 (6 2) 20 (6 3) 27 (6 4) 28 (6 5) 24
 (6 6) 27 (6 7) 26 (6 8) 21 (6 9) 27 (6 10) 28 (6 11) 30 (6 12) 21 (6 13) 29
 (6 14) 19 (6 15) 23 (7 1) 24 (7 2) 20 (7 3) 16 (7 4) 30 (7 5) 23 (7 6) 27
 (7 7) 29 (7 8) 20 (7 9) 11 (7 10) 14 (7 11) 24 (7 12) 18 (7 13) 10 (7 14) 14
 (7 15) 28 (8 1) 23 (8 2) 22 (8 3) 21 (8 4) 26 (8 5) 11 (8 6) 23 (8 7) 27 (8
 8) 27 (8 9) 30 (8 10) 22 (8 11) 21 (8 12) 15 (8 13) 23 (8 14) 27 (8 15) 28
 (9 1) 24 (9 2) 24 (9 3) 11 (9 4) 18 (9 5) 11 (9 6) 27 (9 7) 16 (9 8) 22 (9
 9) 22 (9 10) 28 (9 11) 18 (9 12) 16 (9 13) 30 (9 14) 16 (9 15) 13 (10 1) 21
 (10 2) 17 (10 3) 15 (10 4) 14 (10 5) 20 (10 6) 26 (10 7) 29 (10 8) 14 (10
 9) 10 (10 10) 30 (10 11) 26 (10 12) 30 (10 13) 24 (10 14) 27 (10 15) 10 (11
 1) 17 (11 2) 29 (11 3) 10 (11 4) 15 (11 5) 14 (11 6) 15 (11 7) 28 (11 8) 21
 (11 9) 20 (11 10) 26 (11 11) 21 (11 12) 23 (11 13) 16 (11 14) 15 (11 15) 28
 (12 1) 20 (12 2) 14 (12 3) 16 (12 4) 11 (12 5) 15 (12 6) 15 (12 7) 11 (12
 8) 24 (12 9) 30 (12 10) 24 (12 11) 19 (12 12) 18 (12 13) 14 (12 14) 17 (12
 15) 12 (13 1) 15 (13 2) 14 (13 3) 14 (13 4) 13 (13 5) 12 (13 6) 22 (13 7) 23
 (13 8) 24 (13 9) 15 (13 10) 13 (13 11) 12 (13 12) 16 (13 13) 30 (13 14) 25
 (13 15) 12 (14 1) 30 (14 2) 11 (14 3) 26 (14 4) 19 (14 5) 24 (14 6) 12 (14
 7) 19 (14 8) 23 (14 9) 30 (14 10) 23 (14 11) 28 (14 12) 30 (14 13) 22 (14
 14) 16 (14 15) 30 (15 1) 22 (15 2) 27 (15 3) 17 (15 4) 10 (15 5) 29 (15 6) 15
 (15 7) 23 (15 8) 17 (15 9) 28 (15 10) 27 (15 11) 23 (15 12) 28 (15 13) 17
 (15 14) 13 (15 15) 29 (16 1) 29 (16 2) 17 (16 3) 10 (16 4) 13 (16 5) 23 (16
 6) 24 (16 7) 10 (16 8) 10 (16 9) 29 (16 10) 23 (16 11) 29 (16 12) 25 (16 13) 10
 (16 14) 18 (16 15) 28 (17 1) 17 (17 2) 28 (17 3) 24 (17 4) 29 (17 5) 11 (17
 6) 22 (17 7) 18 (17 8) 27 (17 9) 21 (17 10) 28 (17 11) 10 (17 12) 23 (17 13) 14
 (17 14) 29 (17 15) 28 (18 1) 14 (18 2) 19 (18 3) 28 (18 4) 19 (18 5) 11 (18
 6) 21 (18 7) 18 (18 8) 29 (18 9) 26 (18 10) 13 (18 11) 28 (18 12) 16 (18 13) 30
 (18 14) 10 (18 15) 24 (19 1) 25 (19 2) 13 (19 3) 10 (19 4) 14 (19 5) 10 (19
 6) 29 (19 7) 16 (19 8) 14 (19 9) 11 (19 10) 11 (19 11) 12 (19 12) 15 (19 13) 27
 (19 14) 23 (19 15) 21 (20 1) 16 (20 2) 19 (20 3) 11 (20 4) 21 (20 5) 18 (20
 6) 24 (20 7) 20 (20 8) 28 (20 9) 25 (20 10) 12 (20 11) 21 (20 12) 28 (20 13) 28
 (20 14) 18 (20 15) 16 (21 1) 26 (21 2) 11 (21 3) 23 (21 4) 23 (21 5) 29 (21
 6) 29 (21 7) 13 (21 8) 17 (21 9) 22 (21 10) 11 (21 11) 16 (21 12) 24 (21 13) 18
 (21 14) 17 (21 15) 15 (22 1) 23 (22 2) 18 (22 3) 17 (22 4) 30 (22 5) 12 (22
 6) 19 (22 7) 22 (22 8) 19 (22 9) 30 (22 10) 20 (22 11) 27 (22 12) 19 (22 13) 30
 (22 14) 30 (22 15) 14 (23 1) 17 (23 2) 11 (23 3) 21 (23 4) 29 (23 5) 12 (23
 6) 11 (23 7) 19 (23 8) 11 (23 9) 24 (23 10) 12 (23 11) 22 (23 12) 29 (23 13) 20
 (23 14) 23 (23 15) 30 (24 1) 20 (24 2) 10 (24 3) 26 (24 4) 29 (24 5) 19 (24
 6) 20 (24 7) 27 (24 8) 27 (24 9) 17 (24 10) 29 (24 11) 29 (24 12) 19 (24 13) 21
 (24 14) 11 (24 15) 21 (25 1) 12 (25 2) 11 (25 3) 20 (25 4) 19 (25 5) 16 (25
 6) 24 (25 7) 15 (25 8) 29 (25 9) 29 (25 10) 11 (25 11) 12 (25 12) 12 (25 13) 15
 (25 14) 16 (25 15) 17 (26 1) 27 (26 2) 24 (26 3) 13 (26 4) 11 (26 5) 25 (26
 6) 15 (26 7) 25 (26 8) 23 (26 9) 16 (26 10) 24 (26 11) 17 (26 12) 13 (26 13) 10
 (26 14) 16 (26 15) 12 (27 1) 18 (27 2) 16 (27 3) 23 (27 4) 15 (27 5) 15 (27
 6) 28 (27 7) 10 (27 8) 30 (27 9) 19 (27 10) 17 (27 11) 22 (27 12) 24 (27 13) 25
 (27 14) 10 (27 15) 19 (28 1) 23 (28 2) 13 (28 3) 22 (28 4) 19 (28 5) 15 (28
 6) 10 (28 7) 21 (28 8) 14 (28 9) 14 (28 10) 20 (28 11) 19 (28 12) 25 (28 13) 20
 (28 14) 24 (28 15) 16 (29 1) 10 (29 2) 24 (29 3) 27 (29 4) 19 (29 5) 18 (29
 6) 19 (29 7) 24 (29 8) 15 (29 9) 30 (29 10) 10 (29 11) 11 (29 12) 18 (29 13) 20
 (29 14) 26 (29 15) 10 (30 1) 12 (30 2) 24 (30 3) 26 (30 4) 23 (30 5) 23 (30
 6) 11 (30 7) 20 (30 8) 15 (30 9) 20 (30 10) 14 (30 11) 23 (30 12) 28 (30 13) 15
 (30 14) 24 (30 15) 22 (31 1) 11 (31 2) 19 (31 3) 20 (31 4) 21 (31 5) 23 (31
 6) 15 (31 7) 30 (31 8) 17 (31 9) 14 (31 10) 30 (31 11) 14 (31 12) 15 (31 13) 12
 (31 14) 12 (31 15) 11 (32 1) 10 (32 2) 30 (32 3) 12 (32 4) 26 (32 5) 13 (32
 6) 20 (32 7) 29 (32 8) 27 (32 9) 12 (32 10) 10 (32 11) 24 (32 12) 13 (32 13) 28
 (32 14) 17 (32 15) 11 (33 1) 18 (33 2) 10 (33 3) 14 (33 4) 10 (33 5) 15 (33
 6) 18 (33 7) 10 (33 8) 28 (33 9) 18 (33 10) 22 (33 11) 23 (33 12) 13 (33 13) 22
 (33 14) 12 (33 15) 29 (34 1) 16 (34 2) 12 (34 3) 30 (34 4) 19 (34 5) 12 (34
 6) 12 (34 7) 21 (34 8) 19 (34 9) 29 (34 10) 12 (34 11) 29 (34 12) 28 (34 13) 15
 (34 14) 27 (34 15) 26 (35 1) 21 (35 2) 19 (35 3) 21 (35 4) 10 (35 5) 20 (35
 6) 26 (35 7) 29 (35 8) 27 (35 9) 22 (35 10) 26 (35 11) 16 (35 12) 13 (35 13) 11
 (35 14) 19 (35 15) 14 (36 1) 26 (36 2) 18 (36 3) 26 (36 4) 27 (36 5) 30 (36
 6) 17 (36 7) 19 (36 8) 26 (36 9) 19 (36 10) 18 (36 11) 22 (36 12) 25 (36 13) 19
 (36 14) 26 (36 15) 22 (37 1) 18 (37 2) 14 (37 3) 15 (37 4) 20 (37 5) 25 (37
 6) 12 (37 7) 21 (37 8) 18 (37 9) 16 (37 10) 21 (37 11) 21 (37 12) 23 (37 13) 17
 (37 14) 13 (37 15) 12 (38 1) 13 (38 2) 20 (38 3) 25 (38 4) 24 (38 5) 24 (38
 6) 19 (38 7) 28 (38 8) 13 (38 9) 25 (38 10) 25 (38 11) 30 (38 12) 30 (38 13) 12
 (38 14) 14 (38 15) 25 (39 1) 16 (39 2) 17 (39 3) 20 (39 4) 19 (39 5) 27 (39
 6) 21 (39 7) 16 (39 8) 29 (39 9) 28 (39 10) 24 (39 11) 27 (39 12) 26 (39 13) 24
 (39 14) 11 (39 15) 24 (40 1) 24 (40 2) 18 (40 3) 24 (40 4) 23 (40 5) 25 (40
 6) 23 (40 7) 22 (40 8) 22 (40 9) 19 (40 10) 28 (40 11) 28 (40 12) 12 (40 13) 26
 (40 14) 14 (40 15) 19 (41 1) 13 (41 2) 13 (41 3) 27 (41 4) 27 (41 5) 13 (41
 6) 26 (41 7) 20 (41 8) 16 (41 9) 19 (41 10) 19 (41 11) 26 (41 12) 25 (41 13) 11
 (41 14) 25 (41 15) 27 (42 1) 21 (42 2) 30 (42 3) 27 (42 4) 27 (42 5) 30 (42
 6) 24 (42 7) 17 (42 8) 12 (42 9) 10 (42 10) 26 (42 11) 16 (42 12) 13 (42 13) 18
 (42 14) 23 (42 15) 18 (43 1) 28 (43 2) 11 (43 3) 18 (43 4) 21 (43 5) 21 (43
 6) 10 (43 7) 11 (43 8) 19 (43 9) 23 (43 10) 20 (43 11) 17 (43 12) 21 (43 13) 19
 (43 14) 25 (43 15) 13 (44 1) 21 (44 2) 23 (44 3) 17 (44 4) 13 (44 5) 13 (44
 6) 17 (44 7) 18 (44 8) 26 (44 9) 19 (44 10) 23 (44 11) 14 (44 12) 18 (44 13) 12
 (44 14) 28 (44 15) 22 (45 1) 10 (45 2) 20 (45 3) 14 (45 4) 30 (45 5) 21 (45
 6) 15 (45 7) 25 (45 8) 10 (45 9) 28 (45 10) 18 (45 11) 24 (45 12) 13 (45 13) 21
 (45 14) 12 (45 15) 12 (46 1) 15 (46 2) 18 (46 3) 15 (46 4) 27 (46 5) 20 (46
 6) 20 (46 7) 24 (46 8) 25 (46 9) 12 (46 10) 25 (46 11) 22 (46 12) 11 (46 13) 26
 (46 14) 29 (46 15) 16 (47 1) 19 (47 2) 24 (47 3) 11 (47 4) 26 (47 5) 13 (47
 6) 18 (47 7) 26 (47 8) 25 (47 9) 13 (47 10) 28 (47 11) 14 (47 12) 24 (47 13) 14
 (47 14) 22 (47 15) 23 (48 1) 27 (48 2) 17 (48 3) 30 (48 4) 27 (48 5) 23 (48
 6) 26 (48 7) 10 (48 8) 18 (48 9) 16 (48 10) 30 (48 11) 20 (48 12) 20 (48 13) 13
 (48 14) 19 (48 15) 21 (49 1) 22 (49 2) 24 (49 3) 24 (49 4) 16 (49 5) 10 (49
 6) 25 (49 7) 12 (49 8) 23 (49 9) 22 (49 10) 23 (49 11) 28 (49 12) 11 (49 13) 28
 (49 14) 15 (49 15) 15 (50 1) 22 (50 2) 28 (50 3) 17 (50 4) 29 (50 5) 24 (50
 6) 29 (50 7) 24 (50 8) 11 (50 9) 10 (50 10) 11 (50 11) 26 (50 12) 16 (50 13) 20
 (50 14) 24 (50 15) 19 (51 1) 25 (51 2) 30 (51 3) 19 (51 4) 26 (51 5) 23 (51
 6) 17 (51 7) 13 (51 8) 10 (51 9) 29 (51 10) 27 (51 11) 26 (51 12) 13 (51 13) 19
 (51 14) 25 (51 15) 20 (52 1) 22 (52 2) 19 (52 3) 28 (52 4) 25 (52 5) 23 (52
 6) 24 (52 7) 16 (52 8) 26 (52 9) 28 (52 10) 24 (52 11) 13 (52 12) 18 (52 13) 18
 (52 14) 22 (52 15) 15 (53 1) 19 (53 2) 27 (53 3) 15 (53 4) 20 (53 5) 12 (53
 6) 24 (53 7) 10 (53 8) 30 (53 9) 11 (53 10) 12 (53 11) 16 (53 12) 27 (53 13) 29
 (53 14) 12 (53 15) 26 (54 1) 30 (54 2) 24 (54 3) 24 (54 4) 18 (54 5) 30 (54
 6) 19 (54 7) 14 (54 8) 30 (54 9) 10 (54 10) 25 (54 11) 25 (54 12) 16 (54 13) 17
 (54 14) 18 (54 15) 10 (55 1) 24 (55 2) 25 (55 3) 19 (55 4) 22 (55 5) 26 (55
 6) 13 (55 7) 24 (55 8) 26 (55 9) 18 (55 10) 14 (55 11) 18 (55 12) 20 (55 13) 27
 (55 14) 19 (55 15) 20 (56 1) 22 (56 2) 16 (56 3) 28 (56 4) 18 (56 5) 24 (56
 6) 29 (56 7) 30 (56 8) 20 (56 9) 30 (56 10) 25 (56 11) 28 (56 12) 27 (56 13) 12
 (56 14) 20 (56 15) 26 (57 1) 10 (57 2) 25 (57 3) 28 (57 4) 10 (57 5) 14 (57
 6) 28 (57 7) 10 (57 8) 30 (57 9) 15 (57 10) 20 (57 11) 13 (57 12) 25 (57 13) 19
 (57 14) 20 (57 15) 14 (58 1) 16 (58 2) 18 (58 3) 18 (58 4) 20 (58 5) 13 (58
 6) 22 (58 7) 16 (58 8) 13 (58 9) 28 (58 10) 11 (58 11) 30 (58 12) 23 (58 13) 19
 (58 14) 26 (58 15) 14 (59 1) 24 (59 2) 15 (59 3) 18 (59 4) 19 (59 5) 29 (59
 6) 16 (59 7) 16 (59 8) 23 (59 9) 15 (59 10) 10 (59 11) 11 (59 12) 30 (59 13) 21
 (59 14) 21 (59 15) 24 (60 1) 28 (60 2) 12 (60 3) 21 (60 4) 10 (60 5) 27 (60
 6) 21 (60 7) 16 (60 8) 16 (60 9) 15 (60 10) 29 (60 11) 18 (60 12) 21 (60 13) 23
 (60 14) 23 (60 15) 12 (61 1) 10 (61 2) 15 (61 3) 11 (61 4) 21 (61 5) 20 (61
 6) 24 (61 7) 12 (61 8) 14 (61 9) 23 (61 10) 27 (61 11) 14 (61 12) 26 (61 13) 25
 (61 14) 16 (61 15) 19 (62 1) 26 (62 2) 20 (62 3) 20 (62 4) 22 (62 5) 19 (62
 6) 21 (62 7) 12 (62 8) 28 (62 9) 15 (62 10) 16 (62 11) 23 (62 12) 15 (62 13) 13
 (62 14) 25 (62 15) 22 (63 1) 21 (63 2) 27 (63 3) 14 (63 4) 15 (63 5) 30 (63
 6) 24 (63 7) 17 (63 8) 21 (63 9) 30 (63 10) 16 (63 11) 30 (63 12) 20 (63 13) 24
 (63 14) 12 (63 15) 20 (64 1) 14 (64 2) 15 (64 3) 24 (64 4) 25 (64 5) 19 (64
 6) 30 (64 7) 27 (64 8) 30 (64 9) 17 (64 10) 21 (64 11) 16 (64 12) 14 (64 13) 19
 (64 14) 21 (64 15) 11 (65 1) 14 (65 2) 24 (65 3) 29 (65 4) 11 (65 5) 13 (65
 6) 13 (65 7) 13 (65 8) 20 (65 9) 28 (65 10) 18 (65 11) 29 (65 12) 11 (65 13) 11
 (65 14) 23 (65 15) 24 (66 1) 12 (66 2) 19 (66 3) 17 (66 4) 17 (66 5) 10 (66
 6) 27 (66 7) 11 (66 8) 11 (66 9) 19 (66 10) 16 (66 11) 12 (66 12) 19 (66 13) 28
 (66 14) 13 (66 15) 12 (67 1) 28 (67 2) 25 (67 3) 26 (67 4) 25 (67 5) 23 (67
 6) 18 (67 7) 12 (67 8) 17 (67 9) 29 (67 10) 12 (67 11) 27 (67 12) 14 (67 13) 12
 (67 14) 11 (67 15) 30 (68 1) 10 (68 2) 12 (68 3) 11 (68 4) 22 (68 5) 29 (68
 6) 12 (68 7) 27 (68 8) 16 (68 9) 17 (68 10) 28 (68 11) 15 (68 12) 14 (68 13) 19
 (68 14) 12 (68 15) 23 (69 1) 22 (69 2) 16 (69 3) 29 (69 4) 21 (69 5) 23 (69
 6) 18 (69 7) 20 (69 8) 29 (69 9) 21 (69 10) 21 (69 11) 15 (69 12) 25 (69 13) 11
 (69 14) 22 (69 15) 26 (70 1) 21 (70 2) 22 (70 3) 21 (70 4) 22 (70 5) 29 (70
 6) 16 (70 7) 22 (70 8) 28 (70 9) 11 (70 10) 30 (70 11) 19 (70 12) 11 (70 13) 16
 (70 14) 16 (70 15) 20 (71 1) 20 (71 2) 18 (71 3) 12 (71 4) 11 (71 5) 23 (71
 6) 27 (71 7) 26 (71 8) 23 (71 9) 18 (71 10) 17 (71 11) 14 (71 12) 24 (71 13) 27
 (71 14) 28 (71 15) 13 (72 1) 17 (72 2) 20 (72 3) 23 (72 4) 19 (72 5) 26 (72
 6) 16 (72 7) 19 (72 8) 29 (72 9) 18 (72 10) 29 (72 11) 10 (72 12) 18 (72 13) 19
 (72 14) 10 (72 15) 28 (73 1) 24 (73 2) 10 (73 3) 13 (73 4) 24 (73 5) 21 (73
 6) 28 (73 7) 21 (73 8) 27 (73 9) 18 (73 10) 20 (73 11) 27 (73 12) 16 (73 13) 16
 (73 14) 23 (73 15) 23 (74 1) 29 (74 2) 26 (74 3) 17 (74 4) 26 (74 5) 13 (74
 6) 30 (74 7) 26 (74 8) 14 (74 9) 12 (74 10) 18 (74 11) 26 (74 12) 21 (74 13) 19
 (74 14) 26 (74 15) 21 (75 1) 24 (75 2) 19 (75 3) 11 (75 4) 11 (75 5) 16 (75
 6) 20 (75 7) 27 (75 8) 20 (75 9) 20 (75 10) 24 (75 11) 29 (75 12) 29 (75 13) 12
 (75 14) 25 (75 15) 18 (76 1) 16 (76 2) 30 (76 3) 30 (76 4) 25 (76 5) 19 (76
 6) 22 (76 7) 13 (76 8) 19 (76 9) 24 (76 10) 22 (76 11) 30 (76 12) 18 (76 13) 18
 (76 14) 30 (76 15) 16 (77 1) 23 (77 2) 29 (77 3) 29 (77 4) 20 (77 5) 28 (77
 6) 16 (77 7) 30 (77 8) 28 (77 9) 19 (77 10) 11 (77 11) 25 (77 12) 14 (77 13) 10
 (77 14) 29 (77 15) 12 (78 1) 25 (78 2) 20 (78 3) 26 (78 4) 18 (78 5) 15 (78
 6) 15 (78 7) 27 (78 8) 30 (78 9) 26 (78 10) 14 (78 11) 26 (78 12) 13 (78 13) 16
 (78 14) 14 (78 15) 23 (79 1) 17 (79 2) 19 (79 3) 13 (79 4) 30 (79 5) 18 (79
 6) 17 (79 7) 30 (79 8) 26 (79 9) 22 (79 10) 18 (79 11) 13 (79 12) 25 (79 13) 10
 (79 14) 13 (79 15) 26 (80 1) 25 (80 2) 20 (80 3) 21 (80 4) 11 (80 5) 19 (80
 6) 30 (80 7) 16 (80 8) 30 (80 9) 14 (80 10) 20 (80 11) 25 (80 12) 12 (80 13) 11
 (80 14) 12 (80 15) 17 (81 1) 11 (81 2) 11 (81 3) 13 (81 4) 14 (81 5) 20 (81
 6) 30 (81 7) 12 (81 8) 22 (81 9) 17 (81 10) 18 (81 11) 12 (81 12) 14 (81 13) 17
 (81 14) 12 (81 15) 21 (82 1) 17 (82 2) 13 (82 3) 14 (82 4) 20 (82 5) 27 (82
 6) 12 (82 7) 17 (82 8) 27 (82 9) 27 (82 10) 18 (82 11) 17 (82 12) 10 (82 13) 27
 (82 14) 20 (82 15) 21 (83 1) 10 (83 2) 16 (83 3) 16 (83 4) 27 (83 5) 22 (83
 6) 26 (83 7) 23 (83 8) 12 (83 9) 30 (83 10) 24 (83 11) 10 (83 12) 10 (83 13) 18
 (83 14) 10 (83 15) 11 (84 1) 19 (84 2) 11 (84 3) 16 (84 4) 17 (84 5) 26 (84
 6) 18 (84 7) 28 (84 8) 16 (84 9) 26 (84 10) 26 (84 11) 29 (84 12) 13 (84 13) 19
 (84 14) 20 (84 15) 13 (85 1) 16 (85 2) 27 (85 3) 12 (85 4) 10 (85 5) 27 (85
 6) 20 (85 7) 13 (85 8) 11 (85 9) 28 (85 10) 18 (85 11) 26 (85 12) 12 (85 13) 23
 (85 14) 28 (85 15) 26 (86 1) 13 (86 2) 16 (86 3) 15 (86 4) 30 (86 5) 25 (86
 6) 16 (86 7) 23 (86 8) 20 (86 9) 16 (86 10) 12 (86 11) 25 (86 12) 15 (86 13) 27
 (86 14) 26 (86 15) 26 (87 1) 17 (87 2) 14 (87 3) 27 (87 4) 16 (87 5) 10 (87
 6) 11 (87 7) 19 (87 8) 23 (87 9) 18 (87 10) 18 (87 11) 18 (87 12) 16 (87 13) 22
 (87 14) 28 (87 15) 15 (88 1) 22 (88 2) 30 (88 3) 21 (88 4) 30 (88 5) 17 (88
 6) 17 (88 7) 14 (88 8) 16 (88 9) 15 (88 10) 18 (88 11) 15 (88 12) 16 (88 13) 30
 (88 14) 16 (88 15) 30 (89 1) 12 (89 2) 26 (89 3) 24 (89 4) 11 (89 5) 23 (89
 6) 15 (89 7) 17 (89 8) 22 (89 9) 13 (89 10) 29 (89 11) 16 (89 12) 25 (89 13) 13
 (89 14) 21 (89 15) 16 (90 1) 27 (90 2) 30 (90 3) 26 (90 4) 12 (90 5) 16 (90
 6) 27 (90 7) 21 (90 8) 16 (90 9) 24 (90 10) 10 (90 11) 17 (90 12) 27 (90 13) 20
 (90 14) 19 (90 15) 17 (91 1) 29 (91 2) 21 (91 3) 10 (91 4) 23 (91 5) 30 (91
 6) 15 (91 7) 24 (91 8) 15 (91 9) 24 (91 10) 11 (91 11) 25 (91 12) 16 (91 13) 27
 (91 14) 29 (91 15) 27 (92 1) 22 (92 2) 29 (92 3) 28 (92 4) 21 (92 5) 20 (92
 6) 13 (92 7) 19 (92 8) 12 (92 9) 19 (92 10) 19 (92 11) 22 (92 12) 10 (92 13) 15
 (92 14) 16 (92 15) 22 (93 1) 20 (93 2) 13 (93 3) 20 (93 4) 20 (93 5) 27 (93
 6) 26 (93 7) 16 (93 8) 12 (93 9) 21 (93 10) 11 (93 11) 23 (93 12) 25 (93 13) 18
 (93 14) 16 (93 15) 27 (94 1) 11 (94 2) 29 (94 3) 22 (94 4) 29 (94 5) 21 (94
 6) 16 (94 7) 17 (94 8) 10 (94 9) 23 (94 10) 10 (94 11) 15 (94 12) 17 (94 13) 24
 (94 14) 27 (94 15) 14 (95 1) 10 (95 2) 13 (95 3) 10 (95 4) 30 (95 5) 11 (95
 6) 27 (95 7) 30 (95 8) 29 (95 9) 16 (95 10) 19 (95 11) 17 (95 12) 17 (95 13) 14
 (95 14) 30 (95 15) 11 (96 1) 23 (96 2) 16 (96 3) 18 (96 4) 13 (96 5) 12 (96
 6) 23 (96 7) 26 (96 8) 26 (96 9) 28 (96 10) 19 (96 11) 26 (96 12) 11 (96 13) 15
 (96 14) 16 (96 15) 27 (97 1) 24 (97 2) 27 (97 3) 27 (97 4) 17 (97 5) 20 (97
 6) 12 (97 7) 16 (97 8) 18 (97 9) 14 (97 10) 19 (97 11) 18 (97 12) 13 (97 13) 26
 (97 14) 14 (97 15) 28 (98 1) 29 (98 2) 28 (98 3) 16 (98 4) 20 (98 5) 13 (98
 6) 10 (98 7) 18 (98 8) 29 (98 9) 14 (98 10) 17 (98 11) 20 (98 12) 30 (98 13) 23
 (98 14) 17 (98 15) 30 (99 1) 26 (99 2) 10 (99 3) 25 (99 4) 29 (99 5) 12 (99
 6) 18 (99 7) 14 (99 8) 16 (99 9) 22 (99 10) 24 (99 11) 12 (99 12) 17 (99 13) 10
 (99 14) 25 (99 15) 26 (100 1) 24 (100 2) 29 (100 3) 26 (100 4) 25 (100 5) 29
 (100 6) 10 (100 7) 27 (100 8) 21 (100 9) 12 (100 10) 21 (100 11) 29 (100 12) 24
 (100 13) 10 (100 14) 26 (100 15) 29]
Pref: [(1 1) 8 (1 2) 9 (1 3) 5 (1 4) 10 (1 5) 15 (1 6) 2 (1 7) 4 (1 8) 7 (1 9) 1 (1
 10) 13 (1 11) 6 (1 12) 12 (1 13) 14 (1 14) 3 (1 15) 11 (2 1) 15 (2 2) 9 (2
 3) 4 (2 4) 3 (2 5) 1 (2 6) 12 (2 7) 13 (2 8) 8 (2 9) 11 (2 10) 5 (2 11) 14
 (2 12) 7 (2 13) 2 (2 14) 10 (2 15) 6 (3 1) 1 (3 2) 13 (3 3) 5 (3 4) 14 (3
 5) 9 (3 6) 3 (3 7) 2 (3 8) 7 (3 9) 6 (3 10) 4 (3 11) 12 (3 12) 10 (3 13) 8
 (3 14) 15 (3 15) 11 (4 1) 8 (4 2) 5 (4 3) 7 (4 4) 2 (4 5) 1 (4 6) 9 (4 7) 4
 (4 8) 3 (4 9) 13 (4 10) 10 (4 11) 11 (4 12) 6 (4 13) 12 (4 14) 14 (4 15) 15
 (5 1) 5 (5 2) 4 (5 3) 8 (5 4) 3 (5 5) 7 (5 6) 15 (5 7) 11 (5 8) 6 (5 9) 2
 (5 10) 12 (5 11) 1 (5 12) 9 (5 13) 13 (5 14) 10 (5 15) 14 (6 1) 11 (6 2) 8
 (6 3) 1 (6 4) 12 (6 5) 3 (6 6) 2 (6 7) 15 (6 8) 7 (6 9) 4 (6 10) 9 (6 11) 5
 (6 12) 14 (6 13) 6 (6 14) 10 (6 15) 13 (7 1) 2 (7 2) 15 (7 3) 11 (7 4) 10
 (7 5) 4 (7 6) 13 (7 7) 1 (7 8) 3 (7 9) 6 (7 10) 5 (7 11) 14 (7 12) 12 (7 13) 8
 (7 14) 9 (7 15) 7 (8 1) 9 (8 2) 12 (8 3) 14 (8 4) 5 (8 5) 10 (8 6) 2 (8 7) 3
 (8 8) 4 (8 9) 13 (8 10) 8 (8 11) 15 (8 12) 7 (8 13) 6 (8 14) 1 (8 15) 11 (9
 1) 5 (9 2) 6 (9 3) 15 (9 4) 4 (9 5) 7 (9 6) 1 (9 7) 2 (9 8) 11 (9 9) 9 (9
 10) 3 (9 11) 12 (9 12) 10 (9 13) 14 (9 14) 13 (9 15) 8 (10 1) 13 (10 2) 12
 (10 3) 5 (10 4) 10 (10 5) 7 (10 6) 4 (10 7) 15 (10 8) 11 (10 9) 2 (10 10) 9
 (10 11) 3 (10 12) 14 (10 13) 1 (10 14) 8 (10 15) 6 (11 1) 11 (11 2) 14 (11
 3) 5 (11 4) 2 (11 5) 12 (11 6) 15 (11 7) 4 (11 8) 6 (11 9) 3 (11 10) 9 (11
 11) 7 (11 12) 8 (11 13) 10 (11 14) 1 (11 15) 13 (12 1) 3 (12 2) 11 (12 3) 13
 (12 4) 4 (12 5) 8 (12 6) 5 (12 7) 10 (12 8) 15 (12 9) 2 (12 10) 1 (12 11) 12
 (12 12) 7 (12 13) 6 (12 14) 14 (12 15) 9 (13 1) 11 (13 2) 10 (13 3) 13 (13
 4) 3 (13 5) 8 (13 6) 12 (13 7) 9 (13 8) 5 (13 9) 2 (13 10) 15 (13 11) 4 (13
 12) 14 (13 13) 1 (13 14) 7 (13 15) 6 (14 1) 3 (14 2) 10 (14 3) 5 (14 4) 11
 (14 5) 4 (14 6) 14 (14 7) 15 (14 8) 6 (14 9) 7 (14 10) 13 (14 11) 2 (14 12) 12
 (14 13) 9 (14 14) 8 (14 15) 1 (15 1) 9 (15 2) 7 (15 3) 12 (15 4) 11 (15 5) 10
 (15 6) 4 (15 7) 5 (15 8) 13 (15 9) 2 (15 10) 3 (15 11) 1 (15 12) 6 (15 13) 15
 (15 14) 14 (15 15) 8 (16 1) 7 (16 2) 9 (16 3) 8 (16 4) 14 (16 5) 5 (16 6) 2
 (16 7) 15 (16 8) 13 (16 9) 1 (16 10) 10 (16 11) 4 (16 12) 12 (16 13) 3 (16
 14) 11 (16 15) 6 (17 1) 13 (17 2) 9 (17 3) 12 (17 4) 6 (17 5) 5 (17 6) 8 (17
 7) 10 (17 8) 1 (17 9) 4 (17 10) 15 (17 11) 3 (17 12) 11 (17 13) 7 (17 14) 14
 (17 15) 2 (18 1) 10 (18 2) 12 (18 3) 5 (18 4) 6 (18 5) 8 (18 6) 9 (18 7) 2
 (18 8) 13 (18 9) 7 (18 10) 4 (18 11) 14 (18 12) 3 (18 13) 1 (18 14) 15 (18
 15) 11 (19 1) 9 (19 2) 11 (19 3) 10 (19 4) 8 (19 5) 1 (19 6) 6 (19 7) 13 (19
 8) 12 (19 9) 2 (19 10) 3 (19 11) 7 (19 12) 14 (19 13) 4 (19 14) 5 (19 15) 15
 (20 1) 11 (20 2) 15 (20 3) 4 (20 4) 8 (20 5) 9 (20 6) 7 (20 7) 1 (20 8) 14
 (20 9) 10 (20 10) 12 (20 11) 6 (20 12) 13 (20 13) 2 (20 14) 5 (20 15) 3 (21
 1) 3 (21 2) 1 (21 3) 14 (21 4) 7 (21 5) 9 (21 6) 8 (21 7) 5 (21 8) 4 (21 9) 13
 (21 10) 15 (21 11) 12 (21 12) 6 (21 13) 10 (21 14) 11 (21 15) 2 (22 1) 10
 (22 2) 6 (22 3) 4 (22 4) 8 (22 5) 3 (22 6) 11 (22 7) 12 (22 8) 9 (22 9) 7
 (22 10) 13 (22 11) 14 (22 12) 15 (22 13) 2 (22 14) 1 (22 15) 5 (23 1) 3 (23
 2) 4 (23 3) 14 (23 4) 9 (23 5) 8 (23 6) 5 (23 7) 13 (23 8) 15 (23 9) 2 (23
 10) 11 (23 11) 6 (23 12) 10 (23 13) 12 (23 14) 7 (23 15) 1 (24 1) 5 (24 2) 9
 (24 3) 11 (24 4) 15 (24 5) 8 (24 6) 1 (24 7) 6 (24 8) 12 (24 9) 2 (24 10) 7
 (24 11) 14 (24 12) 13 (24 13) 4 (24 14) 10 (24 15) 3 (25 1) 5 (25 2) 6 (25
 3) 13 (25 4) 1 (25 5) 3 (25 6) 8 (25 7) 11 (25 8) 12 (25 9) 14 (25 10) 4 (25
 11) 15 (25 12) 7 (25 13) 9 (25 14) 10 (25 15) 2 (26 1) 2 (26 2) 9 (26 3) 7
 (26 4) 3 (26 5) 6 (26 6) 1 (26 7) 12 (26 8) 15 (26 9) 13 (26 10) 5 (26 11) 14
 (26 12) 10 (26 13) 4 (26 14) 8 (26 15) 11 (27 1) 6 (27 2) 5 (27 3) 4 (27 4) 9
 (27 5) 3 (27 6) 2 (27 7) 7 (27 8) 15 (27 9) 11 (27 10) 14 (27 11) 1 (27 12) 8
 (27 13) 10 (27 14) 12 (27 15) 13 (28 1) 1 (28 2) 3 (28 3) 14 (28 4) 5 (28
 5) 10 (28 6) 4 (28 7) 6 (28 8) 9 (28 9) 11 (28 10) 8 (28 11) 7 (28 12) 15
 (28 13) 12 (28 14) 2 (28 15) 13 (29 1) 14 (29 2) 12 (29 3) 1 (29 4) 8 (29
 5) 2 (29 6) 6 (29 7) 13 (29 8) 7 (29 9) 10 (29 10) 3 (29 11) 15 (29 12) 9
 (29 13) 5 (29 14) 11 (29 15) 4 (30 1) 1 (30 2) 12 (30 3) 2 (30 4) 9 (30 5) 8
 (30 6) 10 (30 7) 5 (30 8) 6 (30 9) 15 (30 10) 14 (30 11) 4 (30 12) 13 (30
 13) 11 (30 14) 7 (30 15) 3 (31 1) 12 (31 2) 14 (31 3) 3 (31 4) 9 (31 5) 10
 (31 6) 2 (31 7) 4 (31 8) 15 (31 9) 6 (31 10) 8 (31 11) 5 (31 12) 11 (31 13) 13
 (31 14) 7 (31 15) 1 (32 1) 5 (32 2) 3 (32 3) 1 (32 4) 11 (32 5) 10 (32 6) 13
 (32 7) 15 (32 8) 2 (32 9) 12 (32 10) 8 (32 11) 4 (32 12) 7 (32 13) 6 (32 14) 9
 (32 15) 14 (33 1) 6 (33 2) 14 (33 3) 11 (33 4) 7 (33 5) 3 (33 6) 8 (33 7) 12
 (33 8) 2 (33 9) 10 (33 10) 5 (33 11) 9 (33 12) 4 (33 13) 1 (33 14) 13 (33
 15) 15 (34 1) 4 (34 2) 11 (34 3) 1 (34 4) 7 (34 5) 14 (34 6) 5 (34 7) 8 (34
 8) 3 (34 9) 10 (34 10) 15 (34 11) 9 (34 12) 2 (34 13) 13 (34 14) 6 (34 15) 12
 (35 1) 4 (35 2) 15 (35 3) 9 (35 4) 1 (35 5) 7 (35 6) 8 (35 7) 11 (35 8) 12
 (35 9) 13 (35 10) 5 (35 11) 6 (35 12) 10 (35 13) 3 (35 14) 2 (35 15) 14 (36
 1) 6 (36 2) 4 (36 3) 13 (36 4) 2 (36 5) 14 (36 6) 3 (36 7) 15 (36 8) 5 (36
 9) 10 (36 10) 9 (36 11) 12 (36 12) 7 (36 13) 11 (36 14) 8 (36 15) 1 (37 1) 12
 (37 2) 5 (37 3) 6 (37 4) 11 (37 5) 10 (37 6) 14 (37 7) 13 (37 8) 1 (37 9) 2
 (37 10) 15 (37 11) 4 (37 12) 8 (37 13) 7 (37 14) 3 (37 15) 9 (38 1) 7 (38
 2) 10 (38 3) 13 (38 4) 5 (38 5) 9 (38 6) 11 (38 7) 4 (38 8) 2 (38 9) 14 (38
 10) 3 (38 11) 8 (38 12) 1 (38 13) 12 (38 14) 6 (38 15) 15 (39 1) 13 (39 2) 2
 (39 3) 11 (39 4) 14 (39 5) 6 (39 6) 3 (39 7) 8 (39 8) 10 (39 9) 7 (39 10) 4
 (39 11) 1 (39 12) 9 (39 13) 5 (39 14) 15 (39 15) 12 (40 1) 15 (40 2) 8 (40
 3) 1 (40 4) 10 (40 5) 12 (40 6) 11 (40 7) 6 (40 8) 14 (40 9) 3 (40 10) 5 (40
 11) 4 (40 12) 2 (40 13) 13 (40 14) 9 (40 15) 7 (41 1) 6 (41 2) 9 (41 3) 8
 (41 4) 4 (41 5) 7 (41 6) 12 (41 7) 11 (41 8) 3 (41 9) 15 (41 10) 10 (41 11) 13
 (41 12) 1 (41 13) 5 (41 14) 2 (41 15) 14 (42 1) 11 (42 2) 3 (42 3) 15 (42
 4) 6 (42 5) 5 (42 6) 12 (42 7) 13 (42 8) 1 (42 9) 7 (42 10) 4 (42 11) 8 (42
 12) 10 (42 13) 9 (42 14) 14 (42 15) 2 (43 1) 13 (43 2) 1 (43 3) 11 (43 4) 15
 (43 5) 8 (43 6) 12 (43 7) 2 (43 8) 3 (43 9) 9 (43 10) 6 (43 11) 5 (43 12) 7
 (43 13) 4 (43 14) 10 (43 15) 14 (44 1) 2 (44 2) 3 (44 3) 12 (44 4) 6 (44 5) 9
 (44 6) 4 (44 7) 11 (44 8) 14 (44 9) 1 (44 10) 13 (44 11) 8 (44 12) 15 (44
 13) 5 (44 14) 10 (44 15) 7 (45 1) 1 (45 2) 9 (45 3) 3 (45 4) 6 (45 5) 5 (45
 6) 14 (45 7) 2 (45 8) 10 (45 9) 7 (45 10) 11 (45 11) 4 (45 12) 13 (45 13) 15
 (45 14) 8 (45 15) 12 (46 1) 4 (46 2) 1 (46 3) 7 (46 4) 5 (46 5) 14 (46 6) 6
 (46 7) 9 (46 8) 12 (46 9) 8 (46 10) 15 (46 11) 11 (46 12) 3 (46 13) 2 (46
 14) 13 (46 15) 10 (47 1) 5 (47 2) 4 (47 3) 7 (47 4) 9 (47 5) 12 (47 6) 11
 (47 7) 3 (47 8) 1 (47 9) 14 (47 10) 10 (47 11) 8 (47 12) 13 (47 13) 15 (47
 14) 6 (47 15) 2 (48 1) 10 (48 2) 3 (48 3) 8 (48 4) 14 (48 5) 6 (48 6) 12 (48
 7) 5 (48 8) 2 (48 9) 15 (48 10) 7 (48 11) 1 (48 12) 11 (48 13) 13 (48 14) 4
 (48 15) 9 (49 1) 5 (49 2) 7 (49 3) 2 (49 4) 6 (49 5) 8 (49 6) 3 (49 7) 14
 (49 8) 9 (49 9) 11 (49 10) 13 (49 11) 12 (49 12) 10 (49 13) 4 (49 14) 15 (49
 15) 1 (50 1) 9 (50 2) 5 (50 3) 10 (50 4) 8 (50 5) 3 (50 6) 15 (50 7) 14 (50
 8) 1 (50 9) 11 (50 10) 4 (50 11) 13 (50 12) 7 (50 13) 2 (50 14) 6 (50 15) 12
 (51 1) 5 (51 2) 2 (51 3) 4 (51 4) 13 (51 5) 9 (51 6) 8 (51 7) 1 (51 8) 6 (51
 9) 12 (51 10) 3 (51 11) 15 (51 12) 10 (51 13) 14 (51 14) 7 (51 15) 11 (52
 1) 11 (52 2) 1 (52 3) 8 (52 4) 10 (52 5) 3 (52 6) 15 (52 7) 14 (52 8) 12 (52
 9) 4 (52 10) 5 (52 11) 13 (52 12) 6 (52 13) 7 (52 14) 9 (52 15) 2 (53 1) 4
 (53 2) 14 (53 3) 10 (53 4) 8 (53 5) 15 (53 6) 7 (53 7) 3 (53 8) 5 (53 9) 6
 (53 10) 13 (53 11) 2 (53 12) 12 (53 13) 9 (53 14) 1 (53 15) 11 (54 1) 2 (54
 2) 3 (54 3) 7 (54 4) 9 (54 5) 5 (54 6) 13 (54 7) 6 (54 8) 12 (54 9) 1 (54
 10) 8 (54 11) 15 (54 12) 4 (54 13) 11 (54 14) 14 (54 15) 10 (55 1) 11 (55
 2) 15 (55 3) 6 (55 4) 5 (55 5) 14 (55 6) 8 (55 7) 2 (55 8) 9 (55 9) 7 (55
 10) 12 (55 11) 4 (55 12) 10 (55 13) 3 (55 14) 13 (55 15) 1 (56 1) 14 (56 2) 7
 (56 3) 2 (56 4) 15 (56 5) 1 (56 6) 11 (56 7) 5 (56 8) 12 (56 9) 8 (56 10) 3
 (56 11) 10 (56 12) 4 (56 13) 9 (56 14) 13 (56 15) 6 (57 1) 5 (57 2) 10 (57
 3) 8 (57 4) 11 (57 5) 1 (57 6) 3 (57 7) 14 (57 8) 15 (57 9) 9 (57 10) 2 (57
 11) 12 (57 12) 13 (57 13) 7 (57 14) 4 (57 15) 6 (58 1) 8 (58 2) 7 (58 3) 9
 (58 4) 3 (58 5) 6 (58 6) 2 (58 7) 12 (58 8) 14 (58 9) 5 (58 10) 15 (58 11) 13
 (58 12) 1 (58 13) 11 (58 14) 10 (58 15) 4 (59 1) 13 (59 2) 8 (59 3) 14 (59
 4) 11 (59 5) 12 (59 6) 15 (59 7) 3 (59 8) 1 (59 9) 6 (59 10) 2 (59 11) 7 (59
 12) 5 (59 13) 10 (59 14) 4 (59 15) 9 (60 1) 8 (60 2) 14 (60 3) 4 (60 4) 7
 (60 5) 12 (60 6) 2 (60 7) 9 (60 8) 13 (60 9) 6 (60 10) 5 (60 11) 10 (60 12) 1
 (60 13) 3 (60 14) 15 (60 15) 11 (61 1) 9 (61 2) 5 (61 3) 1 (61 4) 14 (61 5) 7
 (61 6) 15 (61 7) 12 (61 8) 8 (61 9) 13 (61 10) 10 (61 11) 3 (61 12) 2 (61
 13) 4 (61 14) 6 (61 15) 11 (62 1) 9 (62 2) 3 (62 3) 6 (62 4) 5 (62 5) 8 (62
 6) 7 (62 7) 10 (62 8) 15 (62 9) 4 (62 10) 1 (62 11) 12 (62 12) 14 (62 13) 11
 (62 14) 13 (62 15) 2 (63 1) 8 (63 2) 10 (63 3) 13 (63 4) 7 (63 5) 11 (63 6) 2
 (63 7) 6 (63 8) 15 (63 9) 1 (63 10) 12 (63 11) 9 (63 12) 3 (63 13) 5 (63 14) 4
 (63 15) 14 (64 1) 5 (64 2) 4 (64 3) 6 (64 4) 7 (64 5) 3 (64 6) 9 (64 7) 11
 (64 8) 2 (64 9) 12 (64 10) 10 (64 11) 1 (64 12) 14 (64 13) 13 (64 14) 8 (64
 15) 15 (65 1) 12 (65 2) 11 (65 3) 6 (65 4) 3 (65 5) 15 (65 6) 8 (65 7) 5 (65
 8) 9 (65 9) 10 (65 10) 7 (65 11) 1 (65 12) 13 (65 13) 14 (65 14) 2 (65 15) 4
 (66 1) 12 (66 2) 15 (66 3) 7 (66 4) 5 (66 5) 2 (66 6) 13 (66 7) 14 (66 8) 11
 (66 9) 1 (66 10) 4 (66 11) 9 (66 12) 6 (66 13) 3 (66 14) 8 (66 15) 10 (67
 1) 11 (67 2) 8 (67 3) 5 (67 4) 13 (67 5) 1 (67 6) 4 (67 7) 6 (67 8) 10 (67
 9) 7 (67 10) 3 (67 11) 9 (67 12) 14 (67 13) 2 (67 14) 15 (67 15) 12 (68 1) 10
 (68 2) 6 (68 3) 2 (68 4) 3 (68 5) 1 (68 6) 8 (68 7) 14 (68 8) 11 (68 9) 5
 (68 10) 7 (68 11) 12 (68 12) 4 (68 13) 9 (68 14) 15 (68 15) 13 (69 1) 3 (69
 2) 12 (69 3) 11 (69 4) 7 (69 5) 14 (69 6) 15 (69 7) 5 (69 8) 13 (69 9) 4 (69
 10) 1 (69 11) 9 (69 12) 10 (69 13) 6 (69 14) 8 (69 15) 2 (70 1) 11 (70 2) 9
 (70 3) 10 (70 4) 2 (70 5) 14 (70 6) 3 (70 7) 4 (70 8) 8 (70 9) 13 (70 10) 6
 (70 11) 1 (70 12) 12 (70 13) 7 (70 14) 5 (70 15) 15 (71 1) 2 (71 2) 3 (71
 3) 8 (71 4) 6 (71 5) 14 (71 6) 12 (71 7) 15 (71 8) 9 (71 9) 10 (71 10) 11
 (71 11) 1 (71 12) 5 (71 13) 4 (71 14) 7 (71 15) 13 (72 1) 4 (72 2) 9 (72 3) 2
 (72 4) 13 (72 5) 14 (72 6) 11 (72 7) 10 (72 8) 3 (72 9) 12 (72 10) 6 (72 11) 15
 (72 12) 8 (72 13) 1 (72 14) 5 (72 15) 7 (73 1) 12 (73 2) 1 (73 3) 6 (73 4) 2
 (73 5) 5 (73 6) 11 (73 7) 15 (73 8) 10 (73 9) 9 (73 10) 4 (73 11) 13 (73 12) 8
 (73 13) 7 (73 14) 3 (73 15) 14 (74 1) 15 (74 2) 11 (74 3) 6 (74 4) 2 (74 5) 1
 (74 6) 9 (74 7) 13 (74 8) 10 (74 9) 14 (74 10) 5 (74 11) 8 (74 12) 4 (74 13) 7
 (74 14) 12 (74 15) 3 (75 1) 15 (75 2) 4 (75 3) 1 (75 4) 2 (75 5) 13 (75 6) 9
 (75 7) 3 (75 8) 11 (75 9) 6 (75 10) 12 (75 11) 10 (75 12) 8 (75 13) 5 (75
 14) 14 (75 15) 7 (76 1) 13 (76 2) 3 (76 3) 1 (76 4) 11 (76 5) 15 (76 6) 6
 (76 7) 4 (76 8) 10 (76 9) 7 (76 10) 12 (76 11) 5 (76 12) 8 (76 13) 2 (76 14) 9
 (76 15) 14 (77 1) 10 (77 2) 15 (77 3) 2 (77 4) 6 (77 5) 5 (77 6) 8 (77 7) 3
 (77 8) 7 (77 9) 4 (77 10) 9 (77 11) 11 (77 12) 12 (77 13) 1 (77 14) 14 (77
 15) 13 (78 1) 2 (78 2) 13 (78 3) 11 (78 4) 12 (78 5) 7 (78 6) 8 (78 7) 4 (78
 8) 15 (78 9) 3 (78 10) 1 (78 11) 9 (78 12) 10 (78 13) 14 (78 14) 5 (78 15) 6
 (79 1) 2 (79 2) 3 (79 3) 8 (79 4) 12 (79 5) 14 (79 6) 15 (79 7) 7 (79 8) 4
 (79 9) 13 (79 10) 5 (79 11) 6 (79 12) 1 (79 13) 10 (79 14) 9 (79 15) 11 (80
 1) 11 (80 2) 8 (80 3) 12 (80 4) 2 (80 5) 1 (80 6) 14 (80 7) 10 (80 8) 7 (80
 9) 6 (80 10) 4 (80 11) 3 (80 12) 5 (80 13) 9 (80 14) 13 (80 15) 15 (81 1) 2
 (81 2) 6 (81 3) 10 (81 4) 12 (81 5) 1 (81 6) 13 (81 7) 3 (81 8) 15 (81 9) 8
 (81 10) 11 (81 11) 9 (81 12) 7 (81 13) 5 (81 14) 4 (81 15) 14 (82 1) 1 (82
 2) 15 (82 3) 7 (82 4) 11 (82 5) 2 (82 6) 4 (82 7) 14 (82 8) 8 (82 9) 10 (82
 10) 9 (82 11) 5 (82 12) 13 (82 13) 12 (82 14) 6 (82 15) 3 (83 1) 15 (83 2) 13
 (83 3) 2 (83 4) 7 (83 5) 4 (83 6) 5 (83 7) 10 (83 8) 3 (83 9) 6 (83 10) 11
 (83 11) 8 (83 12) 14 (83 13) 1 (83 14) 12 (83 15) 9 (84 1) 1 (84 2) 12 (84
 3) 14 (84 4) 3 (84 5) 7 (84 6) 9 (84 7) 10 (84 8) 4 (84 9) 13 (84 10) 15 (84
 11) 5 (84 12) 11 (84 13) 6 (84 14) 8 (84 15) 2 (85 1) 6 (85 2) 4 (85 3) 8
 (85 4) 7 (85 5) 2 (85 6) 12 (85 7) 13 (85 8) 14 (85 9) 9 (85 10) 15 (85 11) 3
 (85 12) 5 (85 13) 1 (85 14) 10 (85 15) 11 (86 1) 7 (86 2) 4 (86 3) 5 (86 4) 6
 (86 5) 15 (86 6) 1 (86 7) 13 (86 8) 10 (86 9) 2 (86 10) 11 (86 11) 3 (86 12) 9
 (86 13) 14 (86 14) 8 (86 15) 12 (87 1) 15 (87 2) 4 (87 3) 3 (87 4) 6 (87 5) 5
 (87 6) 2 (87 7) 12 (87 8) 7 (87 9) 10 (87 10) 11 (87 11) 8 (87 12) 14 (87
 13) 13 (87 14) 9 (87 15) 1 (88 1) 12 (88 2) 6 (88 3) 2 (88 4) 7 (88 5) 4 (88
 6) 8 (88 7) 3 (88 8) 9 (88 9) 13 (88 10) 1 (88 11) 10 (88 12) 14 (88 13) 5
 (88 14) 15 (88 15) 11 (89 1) 3 (89 2) 4 (89 3) 8 (89 4) 7 (89 5) 15 (89 6) 5
 (89 7) 1 (89 8) 12 (89 9) 14 (89 10) 10 (89 11) 2 (89 12) 11 (89 13) 9 (89
 14) 6 (89 15) 13 (90 1) 4 (90 2) 6 (90 3) 11 (90 4) 7 (90 5) 13 (90 6) 8 (90
 7) 10 (90 8) 15 (90 9) 14 (90 10) 3 (90 11) 1 (90 12) 12 (90 13) 9 (90 14) 2
 (90 15) 5 (91 1) 3 (91 2) 4 (91 3) 10 (91 4) 5 (91 5) 8 (91 6) 12 (91 7) 9
 (91 8) 13 (91 9) 11 (91 10) 1 (91 11) 7 (91 12) 15 (91 13) 14 (91 14) 2 (91
 15) 6 (92 1) 2 (92 2) 14 (92 3) 15 (92 4) 5 (92 5) 4 (92 6) 10 (92 7) 9 (92
 8) 12 (92 9) 6 (92 10) 8 (92 11) 7 (92 12) 11 (92 13) 1 (92 14) 3 (92 15) 13
 (93 1) 3 (93 2) 12 (93 3) 1 (93 4) 7 (93 5) 2 (93 6) 10 (93 7) 11 (93 8) 5
 (93 9) 13 (93 10) 9 (93 11) 14 (93 12) 6 (93 13) 4 (93 14) 8 (93 15) 15 (94
 1) 4 (94 2) 13 (94 3) 3 (94 4) 6 (94 5) 2 (94 6) 7 (94 7) 10 (94 8) 9 (94
 9) 12 (94 10) 8 (94 11) 14 (94 12) 11 (94 13) 15 (94 14) 5 (94 15) 1 (95 1) 2
 (95 2) 13 (95 3) 14 (95 4) 5 (95 5) 12 (95 6) 6 (95 7) 7 (95 8) 11 (95 9) 8
 (95 10) 1 (95 11) 9 (95 12) 4 (95 13) 3 (95 14) 15 (95 15) 10 (96 1) 2 (96
 2) 4 (96 3) 1 (96 4) 6 (96 5) 11 (96 6) 3 (96 7) 12 (96 8) 9 (96 9) 7 (96
 10) 5 (96 11) 13 (96 12) 10 (96 13) 8 (96 14) 15 (96 15) 14 (97 1) 13 (97
 2) 11 (97 3) 10 (97 4) 12 (97 5) 6 (97 6) 4 (97 7) 2 (97 8) 5 (97 9) 3 (97
 10) 7 (97 11) 14 (97 12) 8 (97 13) 1 (97 14) 9 (97 15) 15 (98 1) 13 (98 2) 5
 (98 3) 15 (98 4) 1 (98 5) 9 (98 6) 7 (98 7) 2 (98 8) 6 (98 9) 8 (98 10) 14
 (98 11) 11 (98 12) 3 (98 13) 4 (98 14) 12 (98 15) 10 (99 1) 2 (99 2) 8 (99
 3) 7 (99 4) 12 (99 5) 15 (99 6) 4 (99 7) 3 (99 8) 13 (99 9) 6 (99 10) 11 (99
 11) 5 (99 12) 9 (99 13) 14 (99 14) 1 (99 15) 10 (100 1) 15 (100 2) 13 (100
 3) 6 (100 4) 8 (100 5) 3 (100 6) 9 (100 7) 10 (100 8) 2 (100 9) 14 (100 10) 11
 (100 11) 4 (100 12) 1 (100 13) 12 (100 14) 7 (100 15) 5]
