nI: 50
nJ: 5
CapsJ: 12
nIns: 2
CostJ: [(1) 108 (2) 121 (3) 124 (4) 126 (5) 103]
CapJ: [(1) 12 (2) 12 (3) 12 (4) 12 (5) 12]
CostIJ: [(1 1) 22 (1 2) 18 (1 3) 17 (1 4) 21 (1 5) 26 (2 1) 15 (2 2) 25 (2 3) 13 (2
 4) 17 (2 5) 27 (3 1) 29 (3 2) 10 (3 3) 14 (3 4) 22 (3 5) 27 (4 1) 15 (4 2) 17
 (4 3) 15 (4 4) 16 (4 5) 12 (5 1) 14 (5 2) 29 (5 3) 18 (5 4) 19 (5 5) 30 (6
 1) 13 (6 2) 25 (6 3) 14 (6 4) 26 (6 5) 30 (7 1) 24 (7 2) 22 (7 3) 23 (7 4) 20
 (7 5) 17 (8 1) 26 (8 2) 26 (8 3) 27 (8 4) 18 (8 5) 18 (9 1) 14 (9 2) 10 (9
 3) 28 (9 4) 20 (9 5) 11 (10 1) 20 (10 2) 18 (10 3) 10 (10 4) 11 (10 5) 28
 (11 1) 21 (11 2) 26 (11 3) 20 (11 4) 20 (11 5) 13 (12 1) 18 (12 2) 18 (12
 3) 15 (12 4) 22 (12 5) 13 (13 1) 26 (13 2) 16 (13 3) 17 (13 4) 10 (13 5) 21
 (14 1) 21 (14 2) 19 (14 3) 21 (14 4) 24 (14 5) 15 (15 1) 22 (15 2) 12 (15
 3) 12 (15 4) 12 (15 5) 21 (16 1) 17 (16 2) 25 (16 3) 19 (16 4) 30 (16 5) 30
 (17 1) 24 (17 2) 22 (17 3) 15 (17 4) 29 (17 5) 13 (18 1) 12 (18 2) 21 (18
 3) 18 (18 4) 22 (18 5) 21 (19 1) 29 (19 2) 28 (19 3) 12 (19 4) 11 (19 5) 11
 (20 1) 13 (20 2) 12 (20 3) 19 (20 4) 16 (20 5) 26 (21 1) 20 (21 2) 30 (21
 3) 22 (21 4) 30 (21 5) 10 (22 1) 12 (22 2) 22 (22 3) 16 (22 4) 26 (22 5) 22
 (23 1) 24 (23 2) 12 (23 3) 20 (23 4) 12 (23 5) 12 (24 1) 22 (24 2) 14 (24
 3) 28 (24 4) 26 (24 5) 19 (25 1) 27 (25 2) 27 (25 3) 12 (25 4) 11 (25 5) 23
 (26 1) 10 (26 2) 21 (26 3) 29 (26 4) 18 (26 5) 23 (27 1) 14 (27 2) 14 (27
 3) 26 (27 4) 26 (27 5) 21 (28 1) 12 (28 2) 20 (28 3) 22 (28 4) 11 (28 5) 11
 (29 1) 19 (29 2) 11 (29 3) 20 (29 4) 29 (29 5) 14 (30 1) 15 (30 2) 30 (30
 3) 27 (30 4) 25 (30 5) 20 (31 1) 27 (31 2) 23 (31 3) 28 (31 4) 18 (31 5) 19
 (32 1) 23 (32 2) 26 (32 3) 27 (32 4) 20 (32 5) 10 (33 1) 16 (33 2) 19 (33
 3) 19 (33 4) 12 (33 5) 10 (34 1) 21 (34 2) 10 (34 3) 12 (34 4) 26 (34 5) 20
 (35 1) 13 (35 2) 25 (35 3) 16 (35 4) 30 (35 5) 16 (36 1) 29 (36 2) 11 (36
 3) 25 (36 4) 19 (36 5) 25 (37 1) 12 (37 2) 27 (37 3) 11 (37 4) 16 (37 5) 21
 (38 1) 23 (38 2) 25 (38 3) 19 (38 4) 22 (38 5) 21 (39 1) 25 (39 2) 14 (39
 3) 16 (39 4) 14 (39 5) 12 (40 1) 12 (40 2) 19 (40 3) 16 (40 4) 22 (40 5) 27
 (41 1) 27 (41 2) 26 (41 3) 26 (41 4) 22 (41 5) 10 (42 1) 13 (42 2) 27 (42
 3) 27 (42 4) 15 (42 5) 24 (43 1) 15 (43 2) 16 (43 3) 22 (43 4) 28 (43 5) 20
 (44 1) 13 (44 2) 17 (44 3) 12 (44 4) 15 (44 5) 10 (45 1) 20 (45 2) 16 (45
 3) 30 (45 4) 19 (45 5) 26 (46 1) 27 (46 2) 12 (46 3) 24 (46 4) 16 (46 5) 22
 (47 1) 17 (47 2) 10 (47 3) 25 (47 4) 27 (47 5) 19 (48 1) 28 (48 2) 26 (48
 3) 10 (48 4) 26 (48 5) 22 (49 1) 20 (49 2) 23 (49 3) 24 (49 4) 18 (49 5) 25
 (50 1) 14 (50 2) 16 (50 3) 16 (50 4) 25 (50 5) 25]
Pref: [(1 1) 4 (1 2) 2 (1 3) 1 (1 4) 5 (1 5) 3 (2 1) 5 (2 2) 4 (2 3) 1 (2 4) 2 (2
 5) 3 (3 1) 4 (3 2) 5 (3 3) 2 (3 4) 3 (3 5) 1 (4 1) 2 (4 2) 3 (4 3) 5 (4 4) 1
 (4 5) 4 (5 1) 3 (5 2) 4 (5 3) 1 (5 4) 5 (5 5) 2 (6 1) 5 (6 2) 4 (6 3) 1 (6
 4) 2 (6 5) 3 (7 1) 2 (7 2) 3 (7 3) 4 (7 4) 1 (7 5) 5 (8 1) 2 (8 2) 3 (8 3) 5
 (8 4) 4 (8 5) 1 (9 1) 1 (9 2) 2 (9 3) 5 (9 4) 3 (9 5) 4 (10 1) 1 (10 2) 5
 (10 3) 3 (10 4) 2 (10 5) 4 (11 1) 2 (11 2) 5 (11 3) 4 (11 4) 1 (11 5) 3 (12
 1) 2 (12 2) 3 (12 3) 5 (12 4) 1 (12 5) 4 (13 1) 1 (13 2) 3 (13 3) 4 (13 4) 2
 (13 5) 5 (14 1) 3 (14 2) 5 (14 3) 1 (14 4) 2 (14 5) 4 (15 1) 3 (15 2) 1 (15
 3) 4 (15 4) 2 (15 5) 5 (16 1) 1 (16 2) 4 (16 3) 2 (16 4) 3 (16 5) 5 (17 1) 2
 (17 2) 1 (17 3) 3 (17 4) 5 (17 5) 4 (18 1) 3 (18 2) 4 (18 3) 1 (18 4) 5 (18
 5) 2 (19 1) 1 (19 2) 5 (19 3) 4 (19 4) 3 (19 5) 2 (20 1) 2 (20 2) 3 (20 3) 4
 (20 4) 5 (20 5) 1 (21 1) 1 (21 2) 3 (21 3) 4 (21 4) 2 (21 5) 5 (22 1) 4 (22
 2) 5 (22 3) 3 (22 4) 2 (22 5) 1 (23 1) 5 (23 2) 1 (23 3) 2 (23 4) 3 (23 5) 4
 (24 1) 2 (24 2) 4 (24 3) 5 (24 4) 3 (24 5) 1 (25 1) 4 (25 2) 2 (25 3) 3 (25
 4) 1 (25 5) 5 (26 1) 4 (26 2) 2 (26 3) 5 (26 4) 3 (26 5) 1 (27 1) 5 (27 2) 4
 (27 3) 2 (27 4) 3 (27 5) 1 (28 1) 2 (28 2) 4 (28 3) 5 (28 4) 1 (28 5) 3 (29
 1) 4 (29 2) 2 (29 3) 3 (29 4) 1 (29 5) 5 (30 1) 3 (30 2) 4 (30 3) 2 (30 4) 5
 (30 5) 1 (31 1) 1 (31 2) 4 (31 3) 3 (31 4) 2 (31 5) 5 (32 1) 4 (32 2) 1 (32
 3) 2 (32 4) 5 (32 5) 3 (33 1) 4 (33 2) 5 (33 3) 1 (33 4) 3 (33 5) 2 (34 1) 2
 (34 2) 3 (34 3) 4 (34 4) 1 (34 5) 5 (35 1) 2 (35 2) 3 (35 3) 5 (35 4) 4 (35
 5) 1 (36 1) 3 (36 2) 4 (36 3) 5 (36 4) 2 (36 5) 1 (37 1) 2 (37 2) 3 (37 3) 1
 (37 4) 5 (37 5) 4 (38 1) 3 (38 2) 4 (38 3) 2 (38 4) 5 (38 5) 1 (39 1) 1 (39
 2) 3 (39 3) 5 (39 4) 4 (39 5) 2 (40 1) 4 (40 2) 5 (40 3) 2 (40 4) 1 (40 5) 3
 (41 1) 5 (41 2) 2 (41 3) 3 (41 4) 1 (41 5) 4 (42 1) 2 (42 2) 1 (42 3) 4 (42
 4) 5 (42 5) 3 (43 1) 4 (43 2) 3 (43 3) 1 (43 4) 2 (43 5) 5 (44 1) 4 (44 2) 1
 (44 3) 3 (44 4) 2 (44 5) 5 (45 1) 3 (45 2) 1 (45 3) 5 (45 4) 2 (45 5) 4 (46
 1) 3 (46 2) 4 (46 3) 2 (46 4) 1 (46 5) 5 (47 1) 4 (47 2) 2 (47 3) 1 (47 4) 5
 (47 5) 3 (48 1) 3 (48 2) 2 (48 3) 1 (48 4) 5 (48 5) 4 (49 1) 4 (49 2) 5 (49
 3) 3 (49 4) 1 (49 5) 2 (50 1) 5 (50 2) 1 (50 3) 3 (50 4) 2 (50 5) 4]
