nI: 100
nJ: 5
CapsJ: 24
nIns: 2
CostJ: [(1) 130 (2) 121 (3) 115 (4) 122 (5) 107]
CapJ: [(1) 24 (2) 24 (3) 24 (4) 24 (5) 24]
CostIJ: [(1 1) 23 (1 2) 28 (1 3) 28 (1 4) 20 (1 5) 19 (2 1) 13 (2 2) 11 (2 3) 30 (2
 4) 25 (2 5) 18 (3 1) 27 (3 2) 30 (3 3) 25 (3 4) 18 (3 5) 13 (4 1) 18 (4 2) 18
 (4 3) 17 (4 4) 19 (4 5) 22 (5 1) 21 (5 2) 17 (5 3) 10 (5 4) 27 (5 5) 19 (6
 1) 30 (6 2) 20 (6 3) 13 (6 4) 28 (6 5) 10 (7 1) 25 (7 2) 30 (7 3) 25 (7 4) 21
 (7 5) 16 (8 1) 12 (8 2) 24 (8 3) 27 (8 4) 17 (8 5) 20 (9 1) 13 (9 2) 21 (9
 3) 29 (9 4) 28 (9 5) 11 (10 1) 29 (10 2) 14 (10 3) 20 (10 4) 22 (10 5) 13
 (11 1) 24 (11 2) 22 (11 3) 13 (11 4) 17 (11 5) 24 (12 1) 11 (12 2) 12 (12
 3) 25 (12 4) 17 (12 5) 30 (13 1) 29 (13 2) 11 (13 3) 25 (13 4) 15 (13 5) 16
 (14 1) 14 (14 2) 28 (14 3) 23 (14 4) 21 (14 5) 10 (15 1) 16 (15 2) 17 (15
 3) 28 (15 4) 16 (15 5) 26 (16 1) 22 (16 2) 27 (16 3) 23 (16 4) 24 (16 5) 26
 (17 1) 11 (17 2) 16 (17 3) 12 (17 4) 22 (17 5) 26 (18 1) 11 (18 2) 25 (18
 3) 23 (18 4) 27 (18 5) 16 (19 1) 12 (19 2) 30 (19 3) 20 (19 4) 20 (19 5) 12
 (20 1) 10 (20 2) 14 (20 3) 26 (20 4) 11 (20 5) 11 (21 1) 25 (21 2) 15 (21
 3) 17 (21 4) 23 (21 5) 17 (22 1) 22 (22 2) 17 (22 3) 10 (22 4) 17 (22 5) 20
 (23 1) 30 (23 2) 13 (23 3) 17 (23 4) 11 (23 5) 11 (24 1) 20 (24 2) 23 (24
 3) 27 (24 4) 19 (24 5) 10 (25 1) 11 (25 2) 14 (25 3) 18 (25 4) 16 (25 5) 29
 (26 1) 10 (26 2) 25 (26 3) 22 (26 4) 20 (26 5) 21 (27 1) 19 (27 2) 27 (27
 3) 25 (27 4) 23 (27 5) 17 (28 1) 25 (28 2) 22 (28 3) 15 (28 4) 16 (28 5) 30
 (29 1) 15 (29 2) 24 (29 3) 27 (29 4) 17 (29 5) 14 (30 1) 16 (30 2) 22 (30
 3) 11 (30 4) 19 (30 5) 28 (31 1) 27 (31 2) 24 (31 3) 25 (31 4) 23 (31 5) 27
 (32 1) 18 (32 2) 17 (32 3) 15 (32 4) 16 (32 5) 27 (33 1) 19 (33 2) 26 (33
 3) 13 (33 4) 26 (33 5) 29 (34 1) 21 (34 2) 12 (34 3) 19 (34 4) 16 (34 5) 15
 (35 1) 19 (35 2) 20 (35 3) 12 (35 4) 13 (35 5) 18 (36 1) 10 (36 2) 29 (36
 3) 11 (36 4) 13 (36 5) 22 (37 1) 28 (37 2) 18 (37 3) 11 (37 4) 16 (37 5) 27
 (38 1) 12 (38 2) 14 (38 3) 24 (38 4) 24 (38 5) 23 (39 1) 27 (39 2) 26 (39
 3) 17 (39 4) 13 (39 5) 18 (40 1) 17 (40 2) 30 (40 3) 12 (40 4) 13 (40 5) 23
 (41 1) 29 (41 2) 20 (41 3) 17 (41 4) 24 (41 5) 11 (42 1) 30 (42 2) 19 (42
 3) 26 (42 4) 17 (42 5) 23 (43 1) 26 (43 2) 10 (43 3) 21 (43 4) 18 (43 5) 25
 (44 1) 18 (44 2) 18 (44 3) 14 (44 4) 26 (44 5) 29 (45 1) 16 (45 2) 29 (45
 3) 21 (45 4) 19 (45 5) 19 (46 1) 18 (46 2) 28 (46 3) 30 (46 4) 29 (46 5) 24
 (47 1) 21 (47 2) 25 (47 3) 11 (47 4) 11 (47 5) 20 (48 1) 20 (48 2) 13 (48
 3) 15 (48 4) 30 (48 5) 14 (49 1) 13 (49 2) 18 (49 3) 11 (49 4) 27 (49 5) 12
 (50 1) 17 (50 2) 20 (50 3) 28 (50 4) 30 (50 5) 20 (51 1) 14 (51 2) 28 (51
 3) 30 (51 4) 25 (51 5) 14 (52 1) 18 (52 2) 26 (52 3) 12 (52 4) 18 (52 5) 10
 (53 1) 11 (53 2) 28 (53 3) 13 (53 4) 18 (53 5) 16 (54 1) 24 (54 2) 25 (54
 3) 13 (54 4) 18 (54 5) 22 (55 1) 24 (55 2) 23 (55 3) 17 (55 4) 20 (55 5) 18
 (56 1) 30 (56 2) 22 (56 3) 29 (56 4) 14 (56 5) 14 (57 1) 17 (57 2) 30 (57
 3) 19 (57 4) 17 (57 5) 25 (58 1) 25 (58 2) 22 (58 3) 16 (58 4) 21 (58 5) 22
 (59 1) 19 (59 2) 23 (59 3) 15 (59 4) 25 (59 5) 23 (60 1) 27 (60 2) 10 (60
 3) 22 (60 4) 14 (60 5) 25 (61 1) 22 (61 2) 12 (61 3) 19 (61 4) 14 (61 5) 28
 (62 1) 27 (62 2) 27 (62 3) 14 (62 4) 15 (62 5) 15 (63 1) 20 (63 2) 18 (63
 3) 21 (63 4) 30 (63 5) 21 (64 1) 16 (64 2) 14 (64 3) 15 (64 4) 12 (64 5) 28
 (65 1) 11 (65 2) 26 (65 3) 30 (65 4) 10 (65 5) 18 (66 1) 25 (66 2) 16 (66
 3) 24 (66 4) 10 (66 5) 30 (67 1) 30 (67 2) 25 (67 3) 18 (67 4) 15 (67 5) 22
 (68 1) 21 (68 2) 11 (68 3) 23 (68 4) 26 (68 5) 22 (69 1) 11 (69 2) 14 (69
 3) 22 (69 4) 17 (69 5) 10 (70 1) 17 (70 2) 18 (70 3) 12 (70 4) 20 (70 5) 30
 (71 1) 16 (71 2) 26 (71 3) 28 (71 4) 13 (71 5) 22 (72 1) 18 (72 2) 21 (72
 3) 21 (72 4) 13 (72 5) 29 (73 1) 21 (73 2) 29 (73 3) 10 (73 4) 29 (73 5) 11
 (74 1) 21 (74 2) 13 (74 3) 16 (74 4) 26 (74 5) 27 (75 1) 24 (75 2) 13 (75
 3) 20 (75 4) 25 (75 5) 27 (76 1) 12 (76 2) 13 (76 3) 12 (76 4) 18 (76 5) 30
 (77 1) 27 (77 2) 21 (77 3) 15 (77 4) 23 (77 5) 30 (78 1) 17 (78 2) 18 (78
 3) 22 (78 4) 22 (78 5) 11 (79 1) 11 (79 2) 17 (79 3) 27 (79 4) 19 (79 5) 27
 (80 1) 30 (80 2) 30 (80 3) 11 (80 4) 11 (80 5) 23 (81 1) 23 (81 2) 23 (81
 3) 23 (81 4) 19 (81 5) 25 (82 1) 21 (82 2) 30 (82 3) 30 (82 4) 23 (82 5) 20
 (83 1) 26 (83 2) 30 (83 3) 15 (83 4) 27 (83 5) 11 (84 1) 25 (84 2) 25 (84
 3) 28 (84 4) 17 (84 5) 20 (85 1) 20 (85 2) 25 (85 3) 21 (85 4) 23 (85 5) 19
 (86 1) 27 (86 2) 21 (86 3) 14 (86 4) 30 (86 5) 18 (87 1) 22 (87 2) 20 (87
 3) 10 (87 4) 29 (87 5) 14 (88 1) 15 (88 2) 20 (88 3) 29 (88 4) 20 (88 5) 22
 (89 1) 26 (89 2) 20 (89 3) 21 (89 4) 15 (89 5) 29 (90 1) 19 (90 2) 14 (90
 3) 28 (90 4) 28 (90 5) 24 (91 1) 30 (91 2) 12 (91 3) 19 (91 4) 20 (91 5) 20
 (92 1) 30 (92 2) 29 (92 3) 11 (92 4) 10 (92 5) 21 (93 1) 26 (93 2) 22 (93
 3) 26 (93 4) 22 (93 5) 17 (94 1) 24 (94 2) 10 (94 3) 10 (94 4) 30 (94 5) 29
 (95 1) 26 (95 2) 28 (95 3) 30 (95 4) 15 (95 5) 14 (96 1) 20 (96 2) 12 (96
 3) 11 (96 4) 12 (96 5) 15 (97 1) 20 (97 2) 17 (97 3) 16 (97 4) 22 (97 5) 19
 (98 1) 16 (98 2) 10 (98 3) 10 (98 4) 23 (98 5) 12 (99 1) 12 (99 2) 24 (99
 3) 30 (99 4) 29 (99 5) 16 (100 1) 23 (100 2) 10 (100 3) 21 (100 4) 14 (100
 5) 30]
Pref: [(1 1) 1 (1 2) 4 (1 3) 2 (1 4) 5 (1 5) 3 (2 1) 3 (2 2) 1 (2 3) 4 (2 4) 5 (2
 5) 2 (3 1) 2 (3 2) 4 (3 3) 5 (3 4) 1 (3 5) 3 (4 1) 4 (4 2) 1 (4 3) 3 (4 4) 5
 (4 5) 2 (5 1) 5 (5 2) 2 (5 3) 4 (5 4) 1 (5 5) 3 (6 1) 2 (6 2) 1 (6 3) 3 (6
 4) 4 (6 5) 5 (7 1) 2 (7 2) 4 (7 3) 5 (7 4) 1 (7 5) 3 (8 1) 4 (8 2) 3 (8 3) 1
 (8 4) 5 (8 5) 2 (9 1) 3 (9 2) 1 (9 3) 4 (9 4) 2 (9 5) 5 (10 1) 5 (10 2) 1
 (10 3) 4 (10 4) 2 (10 5) 3 (11 1) 3 (11 2) 1 (11 3) 4 (11 4) 2 (11 5) 5 (12
 1) 3 (12 2) 4 (12 3) 2 (12 4) 5 (12 5) 1 (13 1) 1 (13 2) 2 (13 3) 5 (13 4) 4
 (13 5) 3 (14 1) 5 (14 2) 4 (14 3) 1 (14 4) 3 (14 5) 2 (15 1) 3 (15 2) 4 (15
 3) 1 (15 4) 2 (15 5) 5 (16 1) 5 (16 2) 4 (16 3) 3 (16 4) 1 (16 5) 2 (17 1) 4
 (17 2) 5 (17 3) 2 (17 4) 1 (17 5) 3 (18 1) 5 (18 2) 3 (18 3) 4 (18 4) 2 (18
 5) 1 (19 1) 1 (19 2) 2 (19 3) 4 (19 4) 5 (19 5) 3 (20 1) 2 (20 2) 3 (20 3) 5
 (20 4) 1 (20 5) 4 (21 1) 2 (21 2) 1 (21 3) 5 (21 4) 3 (21 5) 4 (22 1) 5 (22
 2) 4 (22 3) 2 (22 4) 3 (22 5) 1 (23 1) 2 (23 2) 4 (23 3) 3 (23 4) 5 (23 5) 1
 (24 1) 1 (24 2) 4 (24 3) 5 (24 4) 2 (24 5) 3 (25 1) 2 (25 2) 3 (25 3) 5 (25
 4) 4 (25 5) 1 (26 1) 5 (26 2) 3 (26 3) 2 (26 4) 1 (26 5) 4 (27 1) 2 (27 2) 4
 (27 3) 1 (27 4) 5 (27 5) 3 (28 1) 1 (28 2) 4 (28 3) 2 (28 4) 5 (28 5) 3 (29
 1) 1 (29 2) 3 (29 3) 5 (29 4) 2 (29 5) 4 (30 1) 3 (30 2) 2 (30 3) 5 (30 4) 1
 (30 5) 4 (31 1) 4 (31 2) 2 (31 3) 3 (31 4) 1 (31 5) 5 (32 1) 3 (32 2) 2 (32
 3) 5 (32 4) 1 (32 5) 4 (33 1) 2 (33 2) 5 (33 3) 1 (33 4) 3 (33 5) 4 (34 1) 2
 (34 2) 5 (34 3) 4 (34 4) 1 (34 5) 3 (35 1) 3 (35 2) 2 (35 3) 1 (35 4) 5 (35
 5) 4 (36 1) 1 (36 2) 5 (36 3) 3 (36 4) 2 (36 5) 4 (37 1) 1 (37 2) 5 (37 3) 2
 (37 4) 4 (37 5) 3 (38 1) 1 (38 2) 4 (38 3) 2 (38 4) 5 (38 5) 3 (39 1) 1 (39
 2) 3 (39 3) 2 (39 4) 4 (39 5) 5 (40 1) 4 (40 2) 5 (40 3) 3 (40 4) 2 (40 5) 1
 (41 1) 3 (41 2) 5 (41 3) 2 (41 4) 4 (41 5) 1 (42 1) 1 (42 2) 4 (42 3) 5 (42
 4) 2 (42 5) 3 (43 1) 4 (43 2) 2 (43 3) 3 (43 4) 1 (43 5) 5 (44 1) 4 (44 2) 2
 (44 3) 5 (44 4) 3 (44 5) 1 (45 1) 2 (45 2) 4 (45 3) 1 (45 4) 3 (45 5) 5 (46
 1) 5 (46 2) 4 (46 3) 2 (46 4) 1 (46 5) 3 (47 1) 4 (47 2) 1 (47 3) 5 (47 4) 2
 (47 5) 3 (48 1) 4 (48 2) 5 (48 3) 2 (48 4) 1 (48 5) 3 (49 1) 4 (49 2) 1 (49
 3) 2 (49 4) 3 (49 5) 5 (50 1) 1 (50 2) 2 (50 3) 5 (50 4) 3 (50 5) 4 (51 1) 2
 (51 2) 1 (51 3) 4 (51 4) 3 (51 5) 5 (52 1) 2 (52 2) 4 (52 3) 3 (52 4) 5 (52
 5) 1 (53 1) 4 (53 2) 2 (53 3) 3 (53 4) 5 (53 5) 1 (54 1) 1 (54 2) 2 (54 3) 4
 (54 4) 5 (54 5) 3 (55 1) 2 (55 2) 1 (55 3) 4 (55 4) 5 (55 5) 3 (56 1) 4 (56
 2) 1 (56 3) 5 (56 4) 3 (56 5) 2 (57 1) 5 (57 2) 4 (57 3) 1 (57 4) 3 (57 5) 2
 (58 1) 2 (58 2) 1 (58 3) 3 (58 4) 4 (58 5) 5 (59 1) 2 (59 2) 3 (59 3) 5 (59
 4) 4 (59 5) 1 (60 1) 2 (60 2) 1 (60 3) 3 (60 4) 4 (60 5) 5 (61 1) 1 (61 2) 3
 (61 3) 4 (61 4) 2 (61 5) 5 (62 1) 4 (62 2) 1 (62 3) 5 (62 4) 3 (62 5) 2 (63
 1) 2 (63 2) 5 (63 3) 1 (63 4) 4 (63 5) 3 (64 1) 2 (64 2) 4 (64 3) 3 (64 4) 1
 (64 5) 5 (65 1) 4 (65 2) 3 (65 3) 2 (65 4) 1 (65 5) 5 (66 1) 3 (66 2) 2 (66
 3) 1 (66 4) 4 (66 5) 5 (67 1) 4 (67 2) 5 (67 3) 2 (67 4) 3 (67 5) 1 (68 1) 4
 (68 2) 3 (68 3) 1 (68 4) 5 (68 5) 2 (69 1) 2 (69 2) 1 (69 3) 4 (69 4) 5 (69
 5) 3 (70 1) 3 (70 2) 2 (70 3) 5 (70 4) 4 (70 5) 1 (71 1) 2 (71 2) 5 (71 3) 3
 (71 4) 4 (71 5) 1 (72 1) 1 (72 2) 3 (72 3) 4 (72 4) 2 (72 5) 5 (73 1) 1 (73
 2) 2 (73 3) 5 (73 4) 4 (73 5) 3 (74 1) 1 (74 2) 4 (74 3) 5 (74 4) 3 (74 5) 2
 (75 1) 5 (75 2) 1 (75 3) 2 (75 4) 4 (75 5) 3 (76 1) 4 (76 2) 3 (76 3) 2 (76
 4) 1 (76 5) 5 (77 1) 4 (77 2) 2 (77 3) 1 (77 4) 5 (77 5) 3 (78 1) 2 (78 2) 3
 (78 3) 1 (78 4) 5 (78 5) 4 (79 1) 1 (79 2) 3 (79 3) 4 (79 4) 2 (79 5) 5 (80
 1) 2 (80 2) 4 (80 3) 1 (80 4) 3 (80 5) 5 (81 1) 5 (81 2) 3 (81 3) 2 (81 4) 1
 (81 5) 4 (82 1) 2 (82 2) 1 (82 3) 3 (82 4) 5 (82 5) 4 (83 1) 4 (83 2) 5 (83
 3) 1 (83 4) 3 (83 5) 2 (84 1) 3 (84 2) 5 (84 3) 4 (84 4) 2 (84 5) 1 (85 1) 3
 (85 2) 5 (85 3) 4 (85 4) 2 (85 5) 1 (86 1) 3 (86 2) 2 (86 3) 5 (86 4) 1 (86
 5) 4 (87 1) 4 (87 2) 2 (87 3) 1 (87 4) 3 (87 5) 5 (88 1) 5 (88 2) 1 (88 3) 4
 (88 4) 3 (88 5) 2 (89 1) 5 (89 2) 3 (89 3) 4 (89 4) 2 (89 5) 1 (90 1) 4 (90
 2) 3 (90 3) 1 (90 4) 2 (90 5) 5 (91 1) 4 (91 2) 3 (91 3) 5 (91 4) 2 (91 5) 1
 (92 1) 1 (92 2) 4 (92 3) 2 (92 4) 5 (92 5) 3 (93 1) 3 (93 2) 1 (93 3) 4 (93
 4) 5 (93 5) 2 (94 1) 2 (94 2) 4 (94 3) 3 (94 4) 5 (94 5) 1 (95 1) 1 (95 2) 5
 (95 3) 4 (95 4) 2 (95 5) 3 (96 1) 2 (96 2) 4 (96 3) 1 (96 4) 5 (96 5) 3 (97
 1) 5 (97 2) 1 (97 3) 4 (97 4) 2 (97 5) 3 (98 1) 2 (98 2) 3 (98 3) 4 (98 4) 1
 (98 5) 5 (99 1) 5 (99 2) 3 (99 3) 4 (99 4) 1 (99 5) 2 (100 1) 4 (100 2) 5
 (100 3) 3 (100 4) 1 (100 5) 2]
