nI: 50
nJ: 10
CapsJ: 12
nIns: 4
CostJ: [(1) 127 (2) 101 (3) 106 (4) 104 (5) 107 (6) 108 (7) 104 (8) 128 (9) 122 (10) 127]
CapJ: [(1) 12 (2) 12 (3) 12 (4) 12 (5) 12 (6) 12 (7) 12 (8) 12 (9) 12 (10) 12]
CostIJ: [(1 1) 25 (1 2) 17 (1 3) 13 (1 4) 25 (1 5) 20 (1 6) 25 (1 7) 22 (1 8) 12 (1
 9) 30 (1 10) 22 (2 1) 20 (2 2) 19 (2 3) 10 (2 4) 11 (2 5) 11 (2 6) 12 (2 7) 19
 (2 8) 17 (2 9) 21 (2 10) 15 (3 1) 10 (3 2) 10 (3 3) 21 (3 4) 20 (3 5) 24 (3
 6) 28 (3 7) 20 (3 8) 21 (3 9) 17 (3 10) 24 (4 1) 13 (4 2) 11 (4 3) 27 (4 4) 14
 (4 5) 24 (4 6) 13 (4 7) 13 (4 8) 27 (4 9) 27 (4 10) 27 (5 1) 13 (5 2) 22 (5
 3) 25 (5 4) 17 (5 5) 29 (5 6) 22 (5 7) 23 (5 8) 28 (5 9) 19 (5 10) 11 (6 1) 25
 (6 2) 30 (6 3) 16 (6 4) 20 (6 5) 11 (6 6) 26 (6 7) 21 (6 8) 13 (6 9) 19 (6
 10) 22 (7 1) 19 (7 2) 10 (7 3) 14 (7 4) 25 (7 5) 21 (7 6) 20 (7 7) 28 (7 8) 17
 (7 9) 16 (7 10) 15 (8 1) 30 (8 2) 30 (8 3) 30 (8 4) 16 (8 5) 26 (8 6) 19 (8
 7) 20 (8 8) 29 (8 9) 18 (8 10) 10 (9 1) 16 (9 2) 18 (9 3) 11 (9 4) 11 (9 5) 28
 (9 6) 28 (9 7) 14 (9 8) 22 (9 9) 29 (9 10) 10 (10 1) 25 (10 2) 23 (10 3) 17
 (10 4) 24 (10 5) 28 (10 6) 21 (10 7) 28 (10 8) 17 (10 9) 30 (10 10) 20 (11
 1) 22 (11 2) 21 (11 3) 10 (11 4) 17 (11 5) 25 (11 6) 29 (11 7) 30 (11 8) 27
 (11 9) 10 (11 10) 25 (12 1) 18 (12 2) 13 (12 3) 29 (12 4) 26 (12 5) 10 (12
 6) 19 (12 7) 29 (12 8) 29 (12 9) 30 (12 10) 27 (13 1) 30 (13 2) 28 (13 3) 17
 (13 4) 30 (13 5) 25 (13 6) 11 (13 7) 10 (13 8) 20 (13 9) 27 (13 10) 27 (14
 1) 15 (14 2) 19 (14 3) 15 (14 4) 24 (14 5) 29 (14 6) 26 (14 7) 21 (14 8) 23
 (14 9) 10 (14 10) 13 (15 1) 25 (15 2) 24 (15 3) 30 (15 4) 28 (15 5) 12 (15
 6) 27 (15 7) 25 (15 8) 20 (15 9) 24 (15 10) 11 (16 1) 27 (16 2) 23 (16 3) 21
 (16 4) 11 (16 5) 14 (16 6) 17 (16 7) 11 (16 8) 19 (16 9) 30 (16 10) 20 (17
 1) 26 (17 2) 19 (17 3) 23 (17 4) 30 (17 5) 14 (17 6) 19 (17 7) 15 (17 8) 24
 (17 9) 12 (17 10) 18 (18 1) 14 (18 2) 25 (18 3) 16 (18 4) 28 (18 5) 28 (18
 6) 11 (18 7) 29 (18 8) 23 (18 9) 16 (18 10) 20 (19 1) 17 (19 2) 28 (19 3) 15
 (19 4) 30 (19 5) 14 (19 6) 26 (19 7) 13 (19 8) 26 (19 9) 14 (19 10) 17 (20
 1) 11 (20 2) 12 (20 3) 11 (20 4) 10 (20 5) 19 (20 6) 24 (20 7) 28 (20 8) 30
 (20 9) 22 (20 10) 19 (21 1) 17 (21 2) 21 (21 3) 22 (21 4) 18 (21 5) 26 (21
 6) 28 (21 7) 11 (21 8) 23 (21 9) 27 (21 10) 26 (22 1) 10 (22 2) 27 (22 3) 21
 (22 4) 14 (22 5) 14 (22 6) 21 (22 7) 21 (22 8) 10 (22 9) 20 (22 10) 23 (23
 1) 22 (23 2) 15 (23 3) 13 (23 4) 27 (23 5) 20 (23 6) 18 (23 7) 25 (23 8) 10
 (23 9) 22 (23 10) 22 (24 1) 21 (24 2) 16 (24 3) 19 (24 4) 18 (24 5) 19 (24
 6) 22 (24 7) 28 (24 8) 22 (24 9) 12 (24 10) 28 (25 1) 28 (25 2) 21 (25 3) 15
 (25 4) 24 (25 5) 28 (25 6) 12 (25 7) 10 (25 8) 20 (25 9) 24 (25 10) 13 (26
 1) 25 (26 2) 16 (26 3) 16 (26 4) 25 (26 5) 12 (26 6) 10 (26 7) 16 (26 8) 24
 (26 9) 22 (26 10) 24 (27 1) 24 (27 2) 19 (27 3) 13 (27 4) 24 (27 5) 20 (27
 6) 12 (27 7) 15 (27 8) 13 (27 9) 20 (27 10) 18 (28 1) 11 (28 2) 23 (28 3) 30
 (28 4) 24 (28 5) 11 (28 6) 21 (28 7) 28 (28 8) 13 (28 9) 21 (28 10) 16 (29
 1) 26 (29 2) 25 (29 3) 10 (29 4) 13 (29 5) 19 (29 6) 27 (29 7) 26 (29 8) 15
 (29 9) 26 (29 10) 23 (30 1) 25 (30 2) 28 (30 3) 17 (30 4) 21 (30 5) 21 (30
 6) 16 (30 7) 25 (30 8) 10 (30 9) 27 (30 10) 21 (31 1) 24 (31 2) 16 (31 3) 21
 (31 4) 18 (31 5) 22 (31 6) 16 (31 7) 27 (31 8) 27 (31 9) 11 (31 10) 11 (32
 1) 13 (32 2) 27 (32 3) 23 (32 4) 11 (32 5) 24 (32 6) 21 (32 7) 10 (32 8) 15
 (32 9) 27 (32 10) 28 (33 1) 18 (33 2) 23 (33 3) 28 (33 4) 27 (33 5) 30 (33
 6) 24 (33 7) 29 (33 8) 16 (33 9) 14 (33 10) 22 (34 1) 15 (34 2) 12 (34 3) 22
 (34 4) 17 (34 5) 16 (34 6) 11 (34 7) 12 (34 8) 11 (34 9) 25 (34 10) 15 (35
 1) 17 (35 2) 24 (35 3) 28 (35 4) 18 (35 5) 26 (35 6) 15 (35 7) 18 (35 8) 21
 (35 9) 23 (35 10) 19 (36 1) 10 (36 2) 30 (36 3) 12 (36 4) 23 (36 5) 20 (36
 6) 23 (36 7) 30 (36 8) 25 (36 9) 14 (36 10) 25 (37 1) 19 (37 2) 26 (37 3) 29
 (37 4) 17 (37 5) 12 (37 6) 19 (37 7) 13 (37 8) 14 (37 9) 12 (37 10) 13 (38
 1) 28 (38 2) 21 (38 3) 27 (38 4) 11 (38 5) 30 (38 6) 14 (38 7) 19 (38 8) 11
 (38 9) 18 (38 10) 23 (39 1) 19 (39 2) 25 (39 3) 17 (39 4) 21 (39 5) 28 (39
 6) 16 (39 7) 28 (39 8) 13 (39 9) 30 (39 10) 18 (40 1) 19 (40 2) 17 (40 3) 24
 (40 4) 21 (40 5) 22 (40 6) 30 (40 7) 25 (40 8) 17 (40 9) 26 (40 10) 26 (41
 1) 26 (41 2) 27 (41 3) 19 (41 4) 16 (41 5) 17 (41 6) 23 (41 7) 12 (41 8) 10
 (41 9) 15 (41 10) 21 (42 1) 22 (42 2) 21 (42 3) 24 (42 4) 23 (42 5) 30 (42
 6) 21 (42 7) 25 (42 8) 14 (42 9) 11 (42 10) 15 (43 1) 10 (43 2) 13 (43 3) 20
 (43 4) 23 (43 5) 26 (43 6) 29 (43 7) 20 (43 8) 26 (43 9) 16 (43 10) 12 (44
 1) 26 (44 2) 16 (44 3) 17 (44 4) 14 (44 5) 28 (44 6) 10 (44 7) 17 (44 8) 12
 (44 9) 25 (44 10) 22 (45 1) 21 (45 2) 27 (45 3) 19 (45 4) 27 (45 5) 27 (45
 6) 22 (45 7) 28 (45 8) 22 (45 9) 22 (45 10) 27 (46 1) 28 (46 2) 28 (46 3) 28
 (46 4) 16 (46 5) 21 (46 6) 12 (46 7) 15 (46 8) 23 (46 9) 13 (46 10) 10 (47
 1) 10 (47 2) 15 (47 3) 24 (47 4) 26 (47 5) 28 (47 6) 21 (47 7) 25 (47 8) 28
 (47 9) 19 (47 10) 20 (48 1) 27 (48 2) 30 (48 3) 14 (48 4) 26 (48 5) 12 (48
 6) 16 (48 7) 13 (48 8) 14 (48 9) 22 (48 10) 16 (49 1) 18 (49 2) 10 (49 3) 10
 (49 4) 26 (49 5) 25 (49 6) 19 (49 7) 28 (49 8) 18 (49 9) 28 (49 10) 14 (50
 1) 28 (50 2) 14 (50 3) 25 (50 4) 23 (50 5) 15 (50 6) 10 (50 7) 10 (50 8) 28
 (50 9) 22 (50 10) 11]
Pref: [(1 1) 2 (1 2) 9 (1 3) 6 (1 4) 1 (1 5) 4 (1 6) 3 (1 7) 5 (1 8) 7 (1 9) 10 (1
 10) 8 (2 1) 6 (2 2) 8 (2 3) 10 (2 4) 9 (2 5) 5 (2 6) 2 (2 7) 3 (2 8) 4 (2
 9) 1 (2 10) 7 (3 1) 2 (3 2) 1 (3 3) 8 (3 4) 4 (3 5) 9 (3 6) 5 (3 7) 6 (3 8) 10
 (3 9) 3 (3 10) 7 (4 1) 1 (4 2) 5 (4 3) 3 (4 4) 6 (4 5) 2 (4 6) 9 (4 7) 8 (4
 8) 7 (4 9) 4 (4 10) 10 (5 1) 6 (5 2) 4 (5 3) 7 (5 4) 2 (5 5) 3 (5 6) 9 (5
 7) 1 (5 8) 5 (5 9) 10 (5 10) 8 (6 1) 5 (6 2) 1 (6 3) 3 (6 4) 2 (6 5) 7 (6
 6) 4 (6 7) 8 (6 8) 9 (6 9) 6 (6 10) 10 (7 1) 4 (7 2) 3 (7 3) 5 (7 4) 6 (7
 5) 9 (7 6) 2 (7 7) 10 (7 8) 1 (7 9) 7 (7 10) 8 (8 1) 10 (8 2) 9 (8 3) 1 (8
 4) 5 (8 5) 7 (8 6) 4 (8 7) 3 (8 8) 2 (8 9) 8 (8 10) 6 (9 1) 9 (9 2) 3 (9 3) 7
 (9 4) 10 (9 5) 6 (9 6) 1 (9 7) 8 (9 8) 4 (9 9) 5 (9 10) 2 (10 1) 9 (10 2) 2
 (10 3) 7 (10 4) 1 (10 5) 10 (10 6) 5 (10 7) 8 (10 8) 4 (10 9) 6 (10 10) 3
 (11 1) 3 (11 2) 10 (11 3) 1 (11 4) 6 (11 5) 7 (11 6) 2 (11 7) 9 (11 8) 8 (11
 9) 5 (11 10) 4 (12 1) 9 (12 2) 1 (12 3) 7 (12 4) 4 (12 5) 5 (12 6) 3 (12 7) 6
 (12 8) 10 (12 9) 8 (12 10) 2 (13 1) 9 (13 2) 7 (13 3) 1 (13 4) 3 (13 5) 4
 (13 6) 8 (13 7) 5 (13 8) 6 (13 9) 10 (13 10) 2 (14 1) 2 (14 2) 6 (14 3) 8
 (14 4) 9 (14 5) 1 (14 6) 5 (14 7) 4 (14 8) 10 (14 9) 3 (14 10) 7 (15 1) 2
 (15 2) 3 (15 3) 9 (15 4) 5 (15 5) 8 (15 6) 4 (15 7) 7 (15 8) 6 (15 9) 10 (15
 10) 1 (16 1) 6 (16 2) 3 (16 3) 10 (16 4) 8 (16 5) 1 (16 6) 7 (16 7) 9 (16
 8) 2 (16 9) 4 (16 10) 5 (17 1) 9 (17 2) 5 (17 3) 8 (17 4) 4 (17 5) 1 (17 6) 6
 (17 7) 3 (17 8) 2 (17 9) 10 (17 10) 7 (18 1) 2 (18 2) 3 (18 3) 4 (18 4) 5
 (18 5) 9 (18 6) 7 (18 7) 10 (18 8) 8 (18 9) 1 (18 10) 6 (19 1) 10 (19 2) 3
 (19 3) 4 (19 4) 6 (19 5) 7 (19 6) 9 (19 7) 8 (19 8) 2 (19 9) 5 (19 10) 1 (20
 1) 3 (20 2) 7 (20 3) 6 (20 4) 5 (20 5) 4 (20 6) 8 (20 7) 10 (20 8) 9 (20 9) 2
 (20 10) 1 (21 1) 9 (21 2) 5 (21 3) 4 (21 4) 1 (21 5) 6 (21 6) 3 (21 7) 7 (21
 8) 2 (21 9) 10 (21 10) 8 (22 1) 5 (22 2) 3 (22 3) 4 (22 4) 2 (22 5) 9 (22
 6) 7 (22 7) 10 (22 8) 6 (22 9) 1 (22 10) 8 (23 1) 3 (23 2) 5 (23 3) 10 (23
 4) 8 (23 5) 2 (23 6) 1 (23 7) 9 (23 8) 7 (23 9) 4 (23 10) 6 (24 1) 2 (24 2) 7
 (24 3) 1 (24 4) 5 (24 5) 3 (24 6) 4 (24 7) 10 (24 8) 6 (24 9) 8 (24 10) 9
 (25 1) 7 (25 2) 5 (25 3) 1 (25 4) 2 (25 5) 4 (25 6) 10 (25 7) 8 (25 8) 9 (25
 9) 3 (25 10) 6 (26 1) 10 (26 2) 5 (26 3) 2 (26 4) 4 (26 5) 9 (26 6) 1 (26
 7) 3 (26 8) 7 (26 9) 8 (26 10) 6 (27 1) 4 (27 2) 10 (27 3) 6 (27 4) 1 (27
 5) 9 (27 6) 3 (27 7) 7 (27 8) 8 (27 9) 5 (27 10) 2 (28 1) 7 (28 2) 4 (28 3) 5
 (28 4) 10 (28 5) 1 (28 6) 6 (28 7) 8 (28 8) 3 (28 9) 9 (28 10) 2 (29 1) 4
 (29 2) 3 (29 3) 5 (29 4) 9 (29 5) 1 (29 6) 2 (29 7) 8 (29 8) 6 (29 9) 10 (29
 10) 7 (30 1) 3 (30 2) 9 (30 3) 2 (30 4) 5 (30 5) 7 (30 6) 1 (30 7) 10 (30
 8) 4 (30 9) 8 (30 10) 6 (31 1) 10 (31 2) 7 (31 3) 9 (31 4) 5 (31 5) 1 (31
 6) 8 (31 7) 2 (31 8) 6 (31 9) 4 (31 10) 3 (32 1) 2 (32 2) 7 (32 3) 4 (32 4) 8
 (32 5) 6 (32 6) 1 (32 7) 10 (32 8) 5 (32 9) 9 (32 10) 3 (33 1) 5 (33 2) 3
 (33 3) 10 (33 4) 2 (33 5) 6 (33 6) 1 (33 7) 7 (33 8) 9 (33 9) 4 (33 10) 8
 (34 1) 1 (34 2) 10 (34 3) 2 (34 4) 8 (34 5) 7 (34 6) 3 (34 7) 5 (34 8) 6 (34
 9) 9 (34 10) 4 (35 1) 1 (35 2) 10 (35 3) 2 (35 4) 4 (35 5) 5 (35 6) 7 (35
 7) 3 (35 8) 8 (35 9) 9 (35 10) 6 (36 1) 6 (36 2) 5 (36 3) 7 (36 4) 8 (36 5) 4
 (36 6) 10 (36 7) 9 (36 8) 3 (36 9) 2 (36 10) 1 (37 1) 8 (37 2) 6 (37 3) 5
 (37 4) 4 (37 5) 3 (37 6) 1 (37 7) 9 (37 8) 2 (37 9) 10 (37 10) 7 (38 1) 10
 (38 2) 2 (38 3) 7 (38 4) 8 (38 5) 1 (38 6) 3 (38 7) 4 (38 8) 5 (38 9) 6 (38
 10) 9 (39 1) 2 (39 2) 1 (39 3) 6 (39 4) 8 (39 5) 10 (39 6) 3 (39 7) 7 (39
 8) 5 (39 9) 9 (39 10) 4 (40 1) 9 (40 2) 3 (40 3) 5 (40 4) 7 (40 5) 2 (40 6) 6
 (40 7) 1 (40 8) 4 (40 9) 10 (40 10) 8 (41 1) 6 (41 2) 5 (41 3) 2 (41 4) 3
 (41 5) 10 (41 6) 7 (41 7) 9 (41 8) 4 (41 9) 1 (41 10) 8 (42 1) 9 (42 2) 5
 (42 3) 6 (42 4) 2 (42 5) 7 (42 6) 8 (42 7) 10 (42 8) 1 (42 9) 4 (42 10) 3
 (43 1) 2 (43 2) 7 (43 3) 3 (43 4) 4 (43 5) 9 (43 6) 6 (43 7) 8 (43 8) 5 (43
 9) 10 (43 10) 1 (44 1) 9 (44 2) 5 (44 3) 1 (44 4) 3 (44 5) 8 (44 6) 7 (44
 7) 10 (44 8) 2 (44 9) 6 (44 10) 4 (45 1) 3 (45 2) 1 (45 3) 7 (45 4) 8 (45
 5) 9 (45 6) 4 (45 7) 10 (45 8) 6 (45 9) 5 (45 10) 2 (46 1) 3 (46 2) 5 (46
 3) 4 (46 4) 2 (46 5) 6 (46 6) 7 (46 7) 8 (46 8) 9 (46 9) 10 (46 10) 1 (47
 1) 4 (47 2) 2 (47 3) 1 (47 4) 6 (47 5) 3 (47 6) 10 (47 7) 8 (47 8) 7 (47 9) 9
 (47 10) 5 (48 1) 5 (48 2) 10 (48 3) 6 (48 4) 9 (48 5) 3 (48 6) 4 (48 7) 8
 (48 8) 7 (48 9) 1 (48 10) 2 (49 1) 6 (49 2) 4 (49 3) 5 (49 4) 2 (49 5) 9 (49
 6) 3 (49 7) 8 (49 8) 7 (49 9) 1 (49 10) 10 (50 1) 4 (50 2) 9 (50 3) 6 (50
 4) 2 (50 5) 8 (50 6) 10 (50 7) 3 (50 8) 7 (50 9) 1 (50 10) 5]
