nI: 100
nJ: 10
CapsJ: 40
nIns: 2
CostJ: [(1) 120 (2) 101 (3) 113 (4) 118 (5) 100 (6) 125 (7) 102 (8) 128 (9) 114 (10) 124]
CapJ: [(1) 40 (2) 40 (3) 40 (4) 40 (5) 40 (6) 40 (7) 40 (8) 40 (9) 40 (10) 40]
CostIJ: [(1 1) 16 (1 2) 20 (1 3) 15 (1 4) 17 (1 5) 25 (1 6) 10 (1 7) 16 (1 8) 28 (1
 9) 22 (1 10) 10 (2 1) 22 (2 2) 12 (2 3) 12 (2 4) 28 (2 5) 16 (2 6) 25 (2 7) 24
 (2 8) 17 (2 9) 30 (2 10) 30 (3 1) 24 (3 2) 18 (3 3) 21 (3 4) 15 (3 5) 22 (3
 6) 14 (3 7) 17 (3 8) 30 (3 9) 12 (3 10) 14 (4 1) 23 (4 2) 29 (4 3) 20 (4 4) 19
 (4 5) 12 (4 6) 22 (4 7) 11 (4 8) 27 (4 9) 13 (4 10) 22 (5 1) 22 (5 2) 23 (5
 3) 25 (5 4) 21 (5 5) 29 (5 6) 30 (5 7) 15 (5 8) 30 (5 9) 22 (5 10) 20 (6 1) 28
 (6 2) 17 (6 3) 16 (6 4) 23 (6 5) 18 (6 6) 19 (6 7) 16 (6 8) 21 (6 9) 29 (6
 10) 21 (7 1) 10 (7 2) 28 (7 3) 19 (7 4) 18 (7 5) 27 (7 6) 17 (7 7) 18 (7 8) 10
 (7 9) 13 (7 10) 24 (8 1) 19 (8 2) 24 (8 3) 23 (8 4) 26 (8 5) 28 (8 6) 11 (8
 7) 14 (8 8) 15 (8 9) 11 (8 10) 21 (9 1) 14 (9 2) 28 (9 3) 27 (9 4) 15 (9 5) 18
 (9 6) 21 (9 7) 13 (9 8) 25 (9 9) 30 (9 10) 21 (10 1) 12 (10 2) 11 (10 3) 17
 (10 4) 16 (10 5) 16 (10 6) 28 (10 7) 12 (10 8) 29 (10 9) 20 (10 10) 26 (11
 1) 26 (11 2) 30 (11 3) 21 (11 4) 23 (11 5) 27 (11 6) 22 (11 7) 30 (11 8) 18
 (11 9) 20 (11 10) 14 (12 1) 12 (12 2) 22 (12 3) 12 (12 4) 21 (12 5) 22 (12
 6) 25 (12 7) 14 (12 8) 20 (12 9) 19 (12 10) 23 (13 1) 14 (13 2) 11 (13 3) 21
 (13 4) 12 (13 5) 18 (13 6) 22 (13 7) 25 (13 8) 25 (13 9) 26 (13 10) 16 (14
 1) 19 (14 2) 19 (14 3) 19 (14 4) 30 (14 5) 25 (14 6) 21 (14 7) 15 (14 8) 22
 (14 9) 13 (14 10) 13 (15 1) 28 (15 2) 23 (15 3) 30 (15 4) 10 (15 5) 23 (15
 6) 10 (15 7) 13 (15 8) 23 (15 9) 29 (15 10) 25 (16 1) 23 (16 2) 19 (16 3) 22
 (16 4) 26 (16 5) 25 (16 6) 27 (16 7) 15 (16 8) 13 (16 9) 12 (16 10) 29 (17
 1) 25 (17 2) 30 (17 3) 17 (17 4) 27 (17 5) 14 (17 6) 23 (17 7) 24 (17 8) 14
 (17 9) 26 (17 10) 15 (18 1) 27 (18 2) 13 (18 3) 23 (18 4) 11 (18 5) 30 (18
 6) 11 (18 7) 28 (18 8) 25 (18 9) 18 (18 10) 13 (19 1) 10 (19 2) 13 (19 3) 26
 (19 4) 21 (19 5) 16 (19 6) 16 (19 7) 11 (19 8) 26 (19 9) 11 (19 10) 29 (20
 1) 13 (20 2) 29 (20 3) 13 (20 4) 27 (20 5) 16 (20 6) 10 (20 7) 11 (20 8) 30
 (20 9) 27 (20 10) 25 (21 1) 21 (21 2) 20 (21 3) 12 (21 4) 24 (21 5) 12 (21
 6) 25 (21 7) 25 (21 8) 21 (21 9) 17 (21 10) 18 (22 1) 22 (22 2) 20 (22 3) 28
 (22 4) 20 (22 5) 19 (22 6) 11 (22 7) 19 (22 8) 16 (22 9) 23 (22 10) 15 (23
 1) 15 (23 2) 24 (23 3) 12 (23 4) 18 (23 5) 19 (23 6) 25 (23 7) 15 (23 8) 16
 (23 9) 24 (23 10) 15 (24 1) 12 (24 2) 12 (24 3) 29 (24 4) 26 (24 5) 13 (24
 6) 24 (24 7) 20 (24 8) 11 (24 9) 22 (24 10) 24 (25 1) 28 (25 2) 28 (25 3) 15
 (25 4) 20 (25 5) 26 (25 6) 28 (25 7) 29 (25 8) 25 (25 9) 23 (25 10) 13 (26
 1) 17 (26 2) 25 (26 3) 21 (26 4) 20 (26 5) 15 (26 6) 25 (26 7) 17 (26 8) 27
 (26 9) 10 (26 10) 29 (27 1) 16 (27 2) 11 (27 3) 18 (27 4) 30 (27 5) 22 (27
 6) 14 (27 7) 18 (27 8) 16 (27 9) 12 (27 10) 16 (28 1) 23 (28 2) 15 (28 3) 30
 (28 4) 11 (28 5) 25 (28 6) 20 (28 7) 29 (28 8) 27 (28 9) 23 (28 10) 24 (29
 1) 17 (29 2) 25 (29 3) 29 (29 4) 28 (29 5) 11 (29 6) 22 (29 7) 30 (29 8) 10
 (29 9) 27 (29 10) 29 (30 1) 29 (30 2) 19 (30 3) 20 (30 4) 28 (30 5) 18 (30
 6) 16 (30 7) 13 (30 8) 21 (30 9) 30 (30 10) 16 (31 1) 26 (31 2) 10 (31 3) 23
 (31 4) 28 (31 5) 11 (31 6) 27 (31 7) 10 (31 8) 20 (31 9) 25 (31 10) 17 (32
 1) 22 (32 2) 27 (32 3) 26 (32 4) 12 (32 5) 23 (32 6) 30 (32 7) 15 (32 8) 14
 (32 9) 28 (32 10) 26 (33 1) 25 (33 2) 24 (33 3) 10 (33 4) 20 (33 5) 25 (33
 6) 20 (33 7) 24 (33 8) 26 (33 9) 27 (33 10) 20 (34 1) 20 (34 2) 10 (34 3) 15
 (34 4) 29 (34 5) 17 (34 6) 16 (34 7) 21 (34 8) 23 (34 9) 12 (34 10) 13 (35
 1) 15 (35 2) 12 (35 3) 16 (35 4) 25 (35 5) 26 (35 6) 19 (35 7) 29 (35 8) 21
 (35 9) 17 (35 10) 16 (36 1) 29 (36 2) 11 (36 3) 18 (36 4) 10 (36 5) 24 (36
 6) 16 (36 7) 26 (36 8) 17 (36 9) 29 (36 10) 30 (37 1) 19 (37 2) 24 (37 3) 15
 (37 4) 24 (37 5) 10 (37 6) 16 (37 7) 26 (37 8) 27 (37 9) 17 (37 10) 24 (38
 1) 30 (38 2) 21 (38 3) 21 (38 4) 21 (38 5) 29 (38 6) 18 (38 7) 10 (38 8) 19
 (38 9) 21 (38 10) 19 (39 1) 18 (39 2) 21 (39 3) 29 (39 4) 22 (39 5) 27 (39
 6) 30 (39 7) 10 (39 8) 17 (39 9) 11 (39 10) 16 (40 1) 16 (40 2) 16 (40 3) 10
 (40 4) 15 (40 5) 21 (40 6) 26 (40 7) 29 (40 8) 25 (40 9) 20 (40 10) 11 (41
 1) 24 (41 2) 19 (41 3) 10 (41 4) 19 (41 5) 30 (41 6) 29 (41 7) 11 (41 8) 30
 (41 9) 25 (41 10) 12 (42 1) 22 (42 2) 29 (42 3) 12 (42 4) 19 (42 5) 25 (42
 6) 25 (42 7) 20 (42 8) 11 (42 9) 27 (42 10) 23 (43 1) 21 (43 2) 30 (43 3) 15
 (43 4) 21 (43 5) 29 (43 6) 19 (43 7) 12 (43 8) 20 (43 9) 29 (43 10) 15 (44
 1) 10 (44 2) 21 (44 3) 12 (44 4) 26 (44 5) 10 (44 6) 30 (44 7) 14 (44 8) 28
 (44 9) 25 (44 10) 10 (45 1) 26 (45 2) 15 (45 3) 13 (45 4) 11 (45 5) 23 (45
 6) 28 (45 7) 30 (45 8) 12 (45 9) 26 (45 10) 22 (46 1) 29 (46 2) 10 (46 3) 27
 (46 4) 22 (46 5) 20 (46 6) 13 (46 7) 24 (46 8) 18 (46 9) 23 (46 10) 18 (47
 1) 14 (47 2) 26 (47 3) 12 (47 4) 18 (47 5) 13 (47 6) 20 (47 7) 20 (47 8) 17
 (47 9) 30 (47 10) 29 (48 1) 29 (48 2) 24 (48 3) 23 (48 4) 10 (48 5) 12 (48
 6) 13 (48 7) 29 (48 8) 26 (48 9) 13 (48 10) 28 (49 1) 28 (49 2) 19 (49 3) 23
 (49 4) 23 (49 5) 23 (49 6) 21 (49 7) 30 (49 8) 29 (49 9) 16 (49 10) 19 (50
 1) 23 (50 2) 12 (50 3) 29 (50 4) 12 (50 5) 15 (50 6) 19 (50 7) 26 (50 8) 21
 (50 9) 14 (50 10) 18 (51 1) 22 (51 2) 20 (51 3) 23 (51 4) 23 (51 5) 25 (51
 6) 30 (51 7) 26 (51 8) 19 (51 9) 29 (51 10) 19 (52 1) 10 (52 2) 10 (52 3) 15
 (52 4) 15 (52 5) 20 (52 6) 29 (52 7) 16 (52 8) 12 (52 9) 15 (52 10) 16 (53
 1) 27 (53 2) 18 (53 3) 26 (53 4) 15 (53 5) 13 (53 6) 16 (53 7) 20 (53 8) 30
 (53 9) 30 (53 10) 28 (54 1) 18 (54 2) 21 (54 3) 22 (54 4) 26 (54 5) 15 (54
 6) 18 (54 7) 23 (54 8) 26 (54 9) 15 (54 10) 12 (55 1) 17 (55 2) 13 (55 3) 26
 (55 4) 17 (55 5) 13 (55 6) 30 (55 7) 26 (55 8) 17 (55 9) 21 (55 10) 19 (56
 1) 27 (56 2) 30 (56 3) 14 (56 4) 30 (56 5) 29 (56 6) 18 (56 7) 26 (56 8) 11
 (56 9) 14 (56 10) 26 (57 1) 27 (57 2) 25 (57 3) 22 (57 4) 27 (57 5) 26 (57
 6) 18 (57 7) 28 (57 8) 14 (57 9) 23 (57 10) 14 (58 1) 12 (58 2) 15 (58 3) 21
 (58 4) 18 (58 5) 19 (58 6) 10 (58 7) 15 (58 8) 19 (58 9) 24 (58 10) 29 (59
 1) 29 (59 2) 28 (59 3) 11 (59 4) 16 (59 5) 23 (59 6) 19 (59 7) 19 (59 8) 26
 (59 9) 20 (59 10) 15 (60 1) 24 (60 2) 15 (60 3) 24 (60 4) 17 (60 5) 25 (60
 6) 24 (60 7) 12 (60 8) 10 (60 9) 24 (60 10) 21 (61 1) 20 (61 2) 19 (61 3) 28
 (61 4) 26 (61 5) 17 (61 6) 25 (61 7) 21 (61 8) 28 (61 9) 15 (61 10) 26 (62
 1) 17 (62 2) 29 (62 3) 16 (62 4) 15 (62 5) 19 (62 6) 12 (62 7) 20 (62 8) 24
 (62 9) 27 (62 10) 15 (63 1) 18 (63 2) 30 (63 3) 10 (63 4) 20 (63 5) 24 (63
 6) 18 (63 7) 11 (63 8) 23 (63 9) 19 (63 10) 11 (64 1) 28 (64 2) 15 (64 3) 22
 (64 4) 18 (64 5) 22 (64 6) 12 (64 7) 26 (64 8) 21 (64 9) 16 (64 10) 21 (65
 1) 29 (65 2) 20 (65 3) 16 (65 4) 20 (65 5) 27 (65 6) 14 (65 7) 28 (65 8) 13
 (65 9) 20 (65 10) 27 (66 1) 14 (66 2) 11 (66 3) 10 (66 4) 13 (66 5) 12 (66
 6) 26 (66 7) 30 (66 8) 23 (66 9) 17 (66 10) 23 (67 1) 23 (67 2) 22 (67 3) 24
 (67 4) 14 (67 5) 16 (67 6) 23 (67 7) 11 (67 8) 15 (67 9) 26 (67 10) 16 (68
 1) 30 (68 2) 21 (68 3) 14 (68 4) 28 (68 5) 23 (68 6) 13 (68 7) 14 (68 8) 25
 (68 9) 21 (68 10) 21 (69 1) 15 (69 2) 11 (69 3) 27 (69 4) 16 (69 5) 12 (69
 6) 12 (69 7) 29 (69 8) 12 (69 9) 11 (69 10) 22 (70 1) 20 (70 2) 24 (70 3) 14
 (70 4) 28 (70 5) 12 (70 6) 10 (70 7) 29 (70 8) 18 (70 9) 21 (70 10) 22 (71
 1) 20 (71 2) 26 (71 3) 20 (71 4) 21 (71 5) 28 (71 6) 22 (71 7) 11 (71 8) 30
 (71 9) 12 (71 10) 10 (72 1) 27 (72 2) 18 (72 3) 10 (72 4) 13 (72 5) 21 (72
 6) 24 (72 7) 12 (72 8) 10 (72 9) 15 (72 10) 15 (73 1) 10 (73 2) 27 (73 3) 24
 (73 4) 28 (73 5) 21 (73 6) 10 (73 7) 28 (73 8) 24 (73 9) 30 (73 10) 24 (74
 1) 19 (74 2) 21 (74 3) 21 (74 4) 18 (74 5) 11 (74 6) 27 (74 7) 29 (74 8) 26
 (74 9) 27 (74 10) 28 (75 1) 30 (75 2) 20 (75 3) 30 (75 4) 19 (75 5) 28 (75
 6) 18 (75 7) 30 (75 8) 25 (75 9) 30 (75 10) 17 (76 1) 16 (76 2) 21 (76 3) 10
 (76 4) 21 (76 5) 18 (76 6) 30 (76 7) 14 (76 8) 24 (76 9) 24 (76 10) 17 (77
 1) 12 (77 2) 27 (77 3) 17 (77 4) 29 (77 5) 12 (77 6) 29 (77 7) 27 (77 8) 22
 (77 9) 30 (77 10) 14 (78 1) 19 (78 2) 29 (78 3) 12 (78 4) 23 (78 5) 23 (78
 6) 12 (78 7) 28 (78 8) 17 (78 9) 29 (78 10) 20 (79 1) 16 (79 2) 24 (79 3) 21
 (79 4) 27 (79 5) 25 (79 6) 30 (79 7) 13 (79 8) 17 (79 9) 28 (79 10) 10 (80
 1) 26 (80 2) 21 (80 3) 28 (80 4) 21 (80 5) 11 (80 6) 20 (80 7) 12 (80 8) 24
 (80 9) 21 (80 10) 23 (81 1) 16 (81 2) 11 (81 3) 13 (81 4) 11 (81 5) 24 (81
 6) 30 (81 7) 26 (81 8) 17 (81 9) 20 (81 10) 11 (82 1) 26 (82 2) 29 (82 3) 27
 (82 4) 16 (82 5) 19 (82 6) 28 (82 7) 25 (82 8) 25 (82 9) 28 (82 10) 18 (83
 1) 25 (83 2) 23 (83 3) 26 (83 4) 20 (83 5) 11 (83 6) 19 (83 7) 15 (83 8) 22
 (83 9) 14 (83 10) 30 (84 1) 16 (84 2) 25 (84 3) 24 (84 4) 10 (84 5) 23 (84
 6) 23 (84 7) 22 (84 8) 13 (84 9) 20 (84 10) 10 (85 1) 11 (85 2) 14 (85 3) 11
 (85 4) 14 (85 5) 27 (85 6) 23 (85 7) 10 (85 8) 14 (85 9) 27 (85 10) 17 (86
 1) 14 (86 2) 29 (86 3) 22 (86 4) 20 (86 5) 23 (86 6) 30 (86 7) 24 (86 8) 19
 (86 9) 16 (86 10) 18 (87 1) 26 (87 2) 25 (87 3) 18 (87 4) 23 (87 5) 10 (87
 6) 10 (87 7) 26 (87 8) 26 (87 9) 18 (87 10) 27 (88 1) 24 (88 2) 21 (88 3) 11
 (88 4) 27 (88 5) 18 (88 6) 13 (88 7) 20 (88 8) 29 (88 9) 19 (88 10) 28 (89
 1) 14 (89 2) 21 (89 3) 21 (89 4) 15 (89 5) 29 (89 6) 22 (89 7) 13 (89 8) 11
 (89 9) 14 (89 10) 11 (90 1) 26 (90 2) 23 (90 3) 22 (90 4) 16 (90 5) 17 (90
 6) 19 (90 7) 16 (90 8) 19 (90 9) 12 (90 10) 22 (91 1) 29 (91 2) 20 (91 3) 15
 (91 4) 23 (91 5) 27 (91 6) 23 (91 7) 16 (91 8) 17 (91 9) 24 (91 10) 28 (92
 1) 23 (92 2) 13 (92 3) 28 (92 4) 17 (92 5) 14 (92 6) 29 (92 7) 30 (92 8) 27
 (92 9) 26 (92 10) 10 (93 1) 23 (93 2) 14 (93 3) 29 (93 4) 16 (93 5) 30 (93
 6) 30 (93 7) 26 (93 8) 17 (93 9) 13 (93 10) 10 (94 1) 18 (94 2) 17 (94 3) 17
 (94 4) 13 (94 5) 11 (94 6) 13 (94 7) 16 (94 8) 16 (94 9) 10 (94 10) 30 (95
 1) 17 (95 2) 18 (95 3) 16 (95 4) 22 (95 5) 26 (95 6) 26 (95 7) 26 (95 8) 20
 (95 9) 22 (95 10) 20 (96 1) 20 (96 2) 26 (96 3) 30 (96 4) 10 (96 5) 29 (96
 6) 22 (96 7) 12 (96 8) 13 (96 9) 25 (96 10) 17 (97 1) 30 (97 2) 20 (97 3) 20
 (97 4) 14 (97 5) 22 (97 6) 10 (97 7) 19 (97 8) 26 (97 9) 24 (97 10) 17 (98
 1) 27 (98 2) 21 (98 3) 28 (98 4) 12 (98 5) 27 (98 6) 10 (98 7) 17 (98 8) 23
 (98 9) 10 (98 10) 10 (99 1) 17 (99 2) 25 (99 3) 10 (99 4) 11 (99 5) 23 (99
 6) 22 (99 7) 30 (99 8) 22 (99 9) 30 (99 10) 28 (100 1) 20 (100 2) 11 (100
 3) 12 (100 4) 29 (100 5) 15 (100 6) 10 (100 7) 22 (100 8) 14 (100 9) 25 (100
 10) 23]
Pref: [(1 1) 6 (1 2) 1 (1 3) 2 (1 4) 5 (1 5) 4 (1 6) 7 (1 7) 3 (1 8) 9 (1 9) 8 (1
 10) 10 (2 1) 2 (2 2) 8 (2 3) 4 (2 4) 7 (2 5) 10 (2 6) 6 (2 7) 1 (2 8) 5 (2
 9) 9 (2 10) 3 (3 1) 9 (3 2) 6 (3 3) 7 (3 4) 3 (3 5) 10 (3 6) 8 (3 7) 4 (3
 8) 2 (3 9) 5 (3 10) 1 (4 1) 10 (4 2) 6 (4 3) 9 (4 4) 8 (4 5) 1 (4 6) 3 (4
 7) 2 (4 8) 4 (4 9) 5 (4 10) 7 (5 1) 9 (5 2) 7 (5 3) 10 (5 4) 6 (5 5) 2 (5
 6) 8 (5 7) 3 (5 8) 1 (5 9) 5 (5 10) 4 (6 1) 9 (6 2) 1 (6 3) 8 (6 4) 7 (6 5) 5
 (6 6) 10 (6 7) 6 (6 8) 4 (6 9) 2 (6 10) 3 (7 1) 4 (7 2) 8 (7 3) 10 (7 4) 1
 (7 5) 3 (7 6) 5 (7 7) 9 (7 8) 7 (7 9) 2 (7 10) 6 (8 1) 5 (8 2) 1 (8 3) 3 (8
 4) 7 (8 5) 9 (8 6) 6 (8 7) 2 (8 8) 10 (8 9) 4 (8 10) 8 (9 1) 10 (9 2) 2 (9
 3) 8 (9 4) 5 (9 5) 9 (9 6) 7 (9 7) 6 (9 8) 1 (9 9) 3 (9 10) 4 (10 1) 1 (10
 2) 9 (10 3) 10 (10 4) 5 (10 5) 3 (10 6) 7 (10 7) 6 (10 8) 2 (10 9) 8 (10 10) 4
 (11 1) 10 (11 2) 9 (11 3) 4 (11 4) 1 (11 5) 2 (11 6) 3 (11 7) 8 (11 8) 7 (11
 9) 5 (11 10) 6 (12 1) 1 (12 2) 9 (12 3) 7 (12 4) 5 (12 5) 6 (12 6) 3 (12 7) 10
 (12 8) 8 (12 9) 2 (12 10) 4 (13 1) 7 (13 2) 2 (13 3) 8 (13 4) 3 (13 5) 6 (13
 6) 10 (13 7) 1 (13 8) 4 (13 9) 9 (13 10) 5 (14 1) 5 (14 2) 8 (14 3) 7 (14
 4) 3 (14 5) 9 (14 6) 6 (14 7) 1 (14 8) 4 (14 9) 10 (14 10) 2 (15 1) 5 (15
 2) 4 (15 3) 1 (15 4) 7 (15 5) 8 (15 6) 3 (15 7) 2 (15 8) 10 (15 9) 9 (15 10) 6
 (16 1) 3 (16 2) 5 (16 3) 8 (16 4) 6 (16 5) 2 (16 6) 9 (16 7) 10 (16 8) 4 (16
 9) 7 (16 10) 1 (17 1) 5 (17 2) 6 (17 3) 1 (17 4) 8 (17 5) 2 (17 6) 9 (17 7) 7
 (17 8) 4 (17 9) 3 (17 10) 10 (18 1) 8 (18 2) 5 (18 3) 1 (18 4) 6 (18 5) 7
 (18 6) 9 (18 7) 3 (18 8) 2 (18 9) 10 (18 10) 4 (19 1) 3 (19 2) 8 (19 3) 2
 (19 4) 10 (19 5) 6 (19 6) 7 (19 7) 9 (19 8) 1 (19 9) 5 (19 10) 4 (20 1) 6
 (20 2) 7 (20 3) 8 (20 4) 1 (20 5) 9 (20 6) 5 (20 7) 2 (20 8) 10 (20 9) 3 (20
 10) 4 (21 1) 6 (21 2) 5 (21 3) 1 (21 4) 2 (21 5) 9 (21 6) 10 (21 7) 4 (21
 8) 7 (21 9) 3 (21 10) 8 (22 1) 8 (22 2) 4 (22 3) 3 (22 4) 10 (22 5) 5 (22
 6) 1 (22 7) 9 (22 8) 2 (22 9) 7 (22 10) 6 (23 1) 1 (23 2) 8 (23 3) 7 (23 4) 5
 (23 5) 3 (23 6) 4 (23 7) 9 (23 8) 10 (23 9) 2 (23 10) 6 (24 1) 5 (24 2) 10
 (24 3) 4 (24 4) 1 (24 5) 2 (24 6) 3 (24 7) 6 (24 8) 8 (24 9) 9 (24 10) 7 (25
 1) 2 (25 2) 4 (25 3) 5 (25 4) 1 (25 5) 9 (25 6) 3 (25 7) 10 (25 8) 6 (25 9) 8
 (25 10) 7 (26 1) 1 (26 2) 6 (26 3) 8 (26 4) 3 (26 5) 9 (26 6) 7 (26 7) 10
 (26 8) 4 (26 9) 2 (26 10) 5 (27 1) 10 (27 2) 1 (27 3) 4 (27 4) 5 (27 5) 6
 (27 6) 9 (27 7) 3 (27 8) 7 (27 9) 8 (27 10) 2 (28 1) 7 (28 2) 3 (28 3) 10
 (28 4) 1 (28 5) 2 (28 6) 5 (28 7) 6 (28 8) 9 (28 9) 8 (28 10) 4 (29 1) 4 (29
 2) 1 (29 3) 6 (29 4) 3 (29 5) 2 (29 6) 5 (29 7) 7 (29 8) 8 (29 9) 9 (29 10) 10
 (30 1) 7 (30 2) 9 (30 3) 4 (30 4) 8 (30 5) 6 (30 6) 1 (30 7) 3 (30 8) 5 (30
 9) 10 (30 10) 2 (31 1) 5 (31 2) 1 (31 3) 7 (31 4) 2 (31 5) 8 (31 6) 10 (31
 7) 3 (31 8) 4 (31 9) 6 (31 10) 9 (32 1) 1 (32 2) 3 (32 3) 9 (32 4) 10 (32
 5) 5 (32 6) 4 (32 7) 2 (32 8) 8 (32 9) 7 (32 10) 6 (33 1) 3 (33 2) 6 (33 3) 10
 (33 4) 7 (33 5) 8 (33 6) 1 (33 7) 5 (33 8) 9 (33 9) 4 (33 10) 2 (34 1) 8 (34
 2) 6 (34 3) 4 (34 4) 10 (34 5) 2 (34 6) 3 (34 7) 7 (34 8) 1 (34 9) 5 (34 10) 9
 (35 1) 1 (35 2) 3 (35 3) 8 (35 4) 4 (35 5) 10 (35 6) 6 (35 7) 5 (35 8) 9 (35
 9) 7 (35 10) 2 (36 1) 9 (36 2) 4 (36 3) 10 (36 4) 2 (36 5) 7 (36 6) 5 (36
 7) 6 (36 8) 3 (36 9) 8 (36 10) 1 (37 1) 5 (37 2) 7 (37 3) 10 (37 4) 9 (37
 5) 6 (37 6) 8 (37 7) 1 (37 8) 4 (37 9) 2 (37 10) 3 (38 1) 4 (38 2) 6 (38 3) 5
 (38 4) 1 (38 5) 3 (38 6) 7 (38 7) 2 (38 8) 10 (38 9) 8 (38 10) 9 (39 1) 7
 (39 2) 9 (39 3) 2 (39 4) 6 (39 5) 5 (39 6) 8 (39 7) 1 (39 8) 4 (39 9) 10 (39
 10) 3 (40 1) 4 (40 2) 5 (40 3) 3 (40 4) 10 (40 5) 1 (40 6) 7 (40 7) 2 (40
 8) 8 (40 9) 9 (40 10) 6 (41 1) 10 (41 2) 5 (41 3) 4 (41 4) 8 (41 5) 2 (41
 6) 6 (41 7) 7 (41 8) 3 (41 9) 9 (41 10) 1 (42 1) 6 (42 2) 3 (42 3) 2 (42 4) 7
 (42 5) 4 (42 6) 5 (42 7) 8 (42 8) 10 (42 9) 9 (42 10) 1 (43 1) 5 (43 2) 6
 (43 3) 4 (43 4) 8 (43 5) 1 (43 6) 10 (43 7) 2 (43 8) 9 (43 9) 7 (43 10) 3
 (44 1) 2 (44 2) 7 (44 3) 3 (44 4) 5 (44 5) 9 (44 6) 4 (44 7) 10 (44 8) 8 (44
 9) 6 (44 10) 1 (45 1) 6 (45 2) 2 (45 3) 5 (45 4) 8 (45 5) 1 (45 6) 4 (45 7) 9
 (45 8) 3 (45 9) 10 (45 10) 7 (46 1) 10 (46 2) 5 (46 3) 4 (46 4) 7 (46 5) 9
 (46 6) 1 (46 7) 3 (46 8) 2 (46 9) 8 (46 10) 6 (47 1) 7 (47 2) 2 (47 3) 1 (47
 4) 5 (47 5) 8 (47 6) 10 (47 7) 4 (47 8) 9 (47 9) 3 (47 10) 6 (48 1) 7 (48
 2) 2 (48 3) 5 (48 4) 1 (48 5) 6 (48 6) 8 (48 7) 4 (48 8) 3 (48 9) 9 (48 10) 10
 (49 1) 10 (49 2) 3 (49 3) 2 (49 4) 8 (49 5) 1 (49 6) 6 (49 7) 7 (49 8) 9 (49
 9) 5 (49 10) 4 (50 1) 4 (50 2) 2 (50 3) 9 (50 4) 8 (50 5) 3 (50 6) 10 (50
 7) 6 (50 8) 7 (50 9) 5 (50 10) 1 (51 1) 2 (51 2) 6 (51 3) 1 (51 4) 8 (51 5) 7
 (51 6) 4 (51 7) 9 (51 8) 10 (51 9) 3 (51 10) 5 (52 1) 5 (52 2) 7 (52 3) 9
 (52 4) 1 (52 5) 3 (52 6) 10 (52 7) 4 (52 8) 2 (52 9) 6 (52 10) 8 (53 1) 8
 (53 2) 3 (53 3) 4 (53 4) 6 (53 5) 2 (53 6) 7 (53 7) 1 (53 8) 9 (53 9) 10 (53
 10) 5 (54 1) 1 (54 2) 3 (54 3) 9 (54 4) 8 (54 5) 4 (54 6) 2 (54 7) 6 (54 8) 10
 (54 9) 5 (54 10) 7 (55 1) 2 (55 2) 8 (55 3) 9 (55 4) 6 (55 5) 4 (55 6) 3 (55
 7) 5 (55 8) 10 (55 9) 1 (55 10) 7 (56 1) 4 (56 2) 2 (56 3) 1 (56 4) 8 (56
 5) 10 (56 6) 6 (56 7) 5 (56 8) 9 (56 9) 3 (56 10) 7 (57 1) 7 (57 2) 6 (57
 3) 4 (57 4) 8 (57 5) 5 (57 6) 2 (57 7) 3 (57 8) 9 (57 9) 10 (57 10) 1 (58
 1) 2 (58 2) 10 (58 3) 7 (58 4) 5 (58 5) 8 (58 6) 3 (58 7) 4 (58 8) 9 (58 9) 6
 (58 10) 1 (59 1) 2 (59 2) 5 (59 3) 3 (59 4) 4 (59 5) 9 (59 6) 7 (59 7) 8 (59
 8) 6 (59 9) 1 (59 10) 10 (60 1) 10 (60 2) 9 (60 3) 6 (60 4) 8 (60 5) 7 (60
 6) 3 (60 7) 5 (60 8) 2 (60 9) 1 (60 10) 4 (61 1) 6 (61 2) 5 (61 3) 7 (61 4) 4
 (61 5) 9 (61 6) 2 (61 7) 8 (61 8) 3 (61 9) 1 (61 10) 10 (62 1) 8 (62 2) 2
 (62 3) 7 (62 4) 6 (62 5) 3 (62 6) 10 (62 7) 9 (62 8) 4 (62 9) 1 (62 10) 5
 (63 1) 6 (63 2) 7 (63 3) 3 (63 4) 4 (63 5) 1 (63 6) 9 (63 7) 10 (63 8) 2 (63
 9) 8 (63 10) 5 (64 1) 3 (64 2) 4 (64 3) 8 (64 4) 9 (64 5) 10 (64 6) 6 (64
 7) 7 (64 8) 1 (64 9) 5 (64 10) 2 (65 1) 1 (65 2) 8 (65 3) 10 (65 4) 4 (65
 5) 7 (65 6) 3 (65 7) 2 (65 8) 9 (65 9) 6 (65 10) 5 (66 1) 2 (66 2) 6 (66 3) 5
 (66 4) 9 (66 5) 3 (66 6) 1 (66 7) 10 (66 8) 8 (66 9) 7 (66 10) 4 (67 1) 2
 (67 2) 10 (67 3) 8 (67 4) 7 (67 5) 5 (67 6) 6 (67 7) 3 (67 8) 4 (67 9) 1 (67
 10) 9 (68 1) 1 (68 2) 7 (68 3) 2 (68 4) 10 (68 5) 5 (68 6) 4 (68 7) 9 (68
 8) 6 (68 9) 3 (68 10) 8 (69 1) 10 (69 2) 1 (69 3) 4 (69 4) 7 (69 5) 6 (69
 6) 8 (69 7) 9 (69 8) 5 (69 9) 3 (69 10) 2 (70 1) 4 (70 2) 2 (70 3) 6 (70 4) 7
 (70 5) 9 (70 6) 8 (70 7) 3 (70 8) 1 (70 9) 5 (70 10) 10 (71 1) 6 (71 2) 9
 (71 3) 10 (71 4) 5 (71 5) 3 (71 6) 8 (71 7) 2 (71 8) 1 (71 9) 7 (71 10) 4
 (72 1) 5 (72 2) 4 (72 3) 8 (72 4) 6 (72 5) 9 (72 6) 1 (72 7) 7 (72 8) 10 (72
 9) 3 (72 10) 2 (73 1) 7 (73 2) 6 (73 3) 8 (73 4) 2 (73 5) 4 (73 6) 5 (73 7) 10
 (73 8) 1 (73 9) 9 (73 10) 3 (74 1) 1 (74 2) 2 (74 3) 3 (74 4) 5 (74 5) 4 (74
 6) 7 (74 7) 8 (74 8) 9 (74 9) 10 (74 10) 6 (75 1) 9 (75 2) 7 (75 3) 1 (75
 4) 3 (75 5) 6 (75 6) 8 (75 7) 5 (75 8) 10 (75 9) 4 (75 10) 2 (76 1) 5 (76
 2) 3 (76 3) 10 (76 4) 7 (76 5) 4 (76 6) 1 (76 7) 6 (76 8) 2 (76 9) 8 (76 10) 9
 (77 1) 3 (77 2) 7 (77 3) 2 (77 4) 6 (77 5) 8 (77 6) 5 (77 7) 10 (77 8) 4 (77
 9) 9 (77 10) 1 (78 1) 2 (78 2) 3 (78 3) 1 (78 4) 8 (78 5) 10 (78 6) 4 (78
 7) 5 (78 8) 6 (78 9) 7 (78 10) 9 (79 1) 4 (79 2) 5 (79 3) 1 (79 4) 6 (79 5) 9
 (79 6) 7 (79 7) 10 (79 8) 8 (79 9) 3 (79 10) 2 (80 1) 3 (80 2) 7 (80 3) 1
 (80 4) 5 (80 5) 2 (80 6) 10 (80 7) 9 (80 8) 8 (80 9) 4 (80 10) 6 (81 1) 8
 (81 2) 9 (81 3) 6 (81 4) 10 (81 5) 1 (81 6) 4 (81 7) 7 (81 8) 5 (81 9) 2 (81
 10) 3 (82 1) 2 (82 2) 3 (82 3) 4 (82 4) 5 (82 5) 6 (82 6) 8 (82 7) 7 (82 8) 1
 (82 9) 9 (82 10) 10 (83 1) 6 (83 2) 5 (83 3) 3 (83 4) 10 (83 5) 1 (83 6) 7
 (83 7) 2 (83 8) 9 (83 9) 8 (83 10) 4 (84 1) 4 (84 2) 1 (84 3) 3 (84 4) 8 (84
 5) 9 (84 6) 5 (84 7) 6 (84 8) 2 (84 9) 10 (84 10) 7 (85 1) 6 (85 2) 1 (85
 3) 7 (85 4) 4 (85 5) 5 (85 6) 10 (85 7) 2 (85 8) 3 (85 9) 9 (85 10) 8 (86
 1) 4 (86 2) 8 (86 3) 6 (86 4) 1 (86 5) 9 (86 6) 3 (86 7) 2 (86 8) 5 (86 9) 7
 (86 10) 10 (87 1) 8 (87 2) 1 (87 3) 4 (87 4) 5 (87 5) 6 (87 6) 7 (87 7) 2
 (87 8) 10 (87 9) 3 (87 10) 9 (88 1) 9 (88 2) 5 (88 3) 8 (88 4) 2 (88 5) 7
 (88 6) 3 (88 7) 6 (88 8) 1 (88 9) 4 (88 10) 10 (89 1) 6 (89 2) 5 (89 3) 9
 (89 4) 8 (89 5) 4 (89 6) 10 (89 7) 3 (89 8) 2 (89 9) 1 (89 10) 7 (90 1) 5
 (90 2) 4 (90 3) 1 (90 4) 6 (90 5) 7 (90 6) 9 (90 7) 8 (90 8) 2 (90 9) 3 (90
 10) 10 (91 1) 4 (91 2) 8 (91 3) 1 (91 4) 10 (91 5) 7 (91 6) 6 (91 7) 2 (91
 8) 9 (91 9) 3 (91 10) 5 (92 1) 3 (92 2) 10 (92 3) 6 (92 4) 7 (92 5) 4 (92
 6) 9 (92 7) 5 (92 8) 1 (92 9) 2 (92 10) 8 (93 1) 1 (93 2) 3 (93 3) 5 (93 4) 6
 (93 5) 7 (93 6) 8 (93 7) 2 (93 8) 10 (93 9) 4 (93 10) 9 (94 1) 6 (94 2) 4
 (94 3) 7 (94 4) 3 (94 5) 10 (94 6) 1 (94 7) 2 (94 8) 5 (94 9) 8 (94 10) 9
 (95 1) 3 (95 2) 4 (95 3) 7 (95 4) 8 (95 5) 9 (95 6) 2 (95 7) 6 (95 8) 10 (95
 9) 5 (95 10) 1 (96 1) 9 (96 2) 3 (96 3) 4 (96 4) 2 (96 5) 8 (96 6) 10 (96
 7) 6 (96 8) 7 (96 9) 1 (96 10) 5 (97 1) 5 (97 2) 8 (97 3) 9 (97 4) 3 (97 5) 6
 (97 6) 7 (97 7) 2 (97 8) 1 (97 9) 10 (97 10) 4 (98 1) 4 (98 2) 9 (98 3) 8
 (98 4) 10 (98 5) 5 (98 6) 7 (98 7) 1 (98 8) 3 (98 9) 2 (98 10) 6 (99 1) 6
 (99 2) 5 (99 3) 8 (99 4) 7 (99 5) 3 (99 6) 4 (99 7) 10 (99 8) 9 (99 9) 1 (99
 10) 2 (100 1) 2 (100 2) 10 (100 3) 5 (100 4) 1 (100 5) 4 (100 6) 3 (100 7) 8
 (100 8) 9 (100 9) 7 (100 10) 6]
