# Instance: p_25.dat
# Objective value: 29399
y[1] 1
y[2] 0
y[3] 1
y[4] 0
y[5] 0
y[6] 0
y[7] 0
y[8] 1
y[9] 1
y[10] 0
y[11] 0
y[12] 1
y[13] 0
y[14] 0
y[15] 1
y[16] 0
y[17] 0
y[18] 1
y[19] 0
y[20] 0
y[21] 0
y[22] 1
y[23] 0
y[24] 0
y[25] 0
y[26] 0
y[27] 0
y[28] 0
y[29] 0
y[30] 0
x[1,1] 0
x[1,2] 0
x[1,3] 1
x[1,4] 1
x[1,5] 0
x[1,6] 0
x[1,7] 1
x[1,8] 1
x[1,9] 0
x[1,10] 0
x[1,11] 0
x[1,12] 0
x[1,13] 0
x[1,14] 0
x[1,15] 0
x[1,16] 0
x[1,17] 0
x[1,18] 1
x[1,19] 0
x[1,20] 0
x[1,21] 0
x[1,22] 1
x[1,23] 0
x[1,24] 0
x[1,25] 0
x[1,26] 0
x[1,27] 0
x[1,28] 0
x[1,29] 0
x[1,30] 0
x[1,31] 0
x[1,32] 0
x[1,33] 0
x[1,34] 0
x[1,35] 0
x[1,36] 0
x[1,37] 0
x[1,38] 0
x[1,39] 0
x[1,40] 0
x[1,41] 1
x[1,42] 0
x[1,43] 0
x[1,44] 0
x[1,45] 0
x[1,46] 0
x[1,47] 0
x[1,48] 0
x[1,49] 1
x[1,50] 1
x[1,51] 0
x[1,52] 0
x[1,53] 0
x[1,54] 0
x[1,55] 0
x[1,56] 0
x[1,57] 0
x[1,58] 0
x[1,59] 0
x[1,60] 0
x[1,61] 1
x[1,62] 0
x[1,63] 0
x[1,64] 0
x[1,65] 0
x[1,66] 1
x[1,67] 0
x[1,68] 1
x[1,69] 0
x[1,70] 0
x[1,71] 0
x[1,72] 0
x[1,73] 0
x[1,74] 1
x[1,75] 1
x[1,76] 0
x[1,77] 0
x[1,78] 0
x[1,79] 0
x[1,80] 0
x[1,81] 0
x[1,82] 0
x[1,83] 0
x[1,84] 0
x[1,85] 0
x[1,86] 0
x[1,87] 0
x[1,88] 1
x[1,89] 0
x[1,90] 1
x[1,91] 0
x[1,92] 0
x[1,93] 0
x[1,94] 0
x[1,95] 0
x[1,96] 0
x[1,97] 0
x[1,98] 0
x[1,99] 0
x[1,100] 1
x[1,101] 0
x[1,102] 0
x[1,103] 0
x[1,104] 0
x[1,105] 0
x[1,106] 0
x[1,107] 0
x[1,108] 0
x[1,109] 0
x[1,110] 0
x[1,111] 0
x[1,112] 0
x[1,113] 0
x[1,114] 0
x[1,115] 0
x[1,116] 0
x[1,117] 0
x[1,118] 1
x[1,119] 0
x[1,120] 1
x[1,121] 1
x[1,122] 0
x[1,123] 0
x[1,124] 0
x[1,125] 0
x[1,126] 1
x[1,127] 0
x[1,128] 0
x[1,129] 0
x[1,130] 0
x[1,131] 0
x[1,132] 0
x[1,133] 0
x[1,134] 1
x[1,135] 0
x[1,136] 0
x[1,137] 0
x[1,138] 0
x[1,139] 0
x[1,140] 0
x[1,141] 1
x[1,142] 0
x[1,143] 0
x[1,144] 0
x[1,145] 0
x[1,146] 0
x[1,147] 0
x[1,148] 0
x[1,149] 0
x[1,150] 0
x[2,1] 0
x[2,2] 0
x[2,3] 0
x[2,4] 0
x[2,5] 0
x[2,6] 0
x[2,7] 0
x[2,8] 0
x[2,9] 0
x[2,10] 0
x[2,11] 0
x[2,12] 0
x[2,13] 0
x[2,14] 0
x[2,15] 0
x[2,16] 0
x[2,17] 0
x[2,18] 0
x[2,19] 0
x[2,20] 0
x[2,21] 0
x[2,22] 0
x[2,23] 0
x[2,24] 0
x[2,25] 0
x[2,26] 0
x[2,27] 0
x[2,28] 0
x[2,29] 0
x[2,30] 0
x[2,31] 0
x[2,32] 0
x[2,33] 0
x[2,34] 0
x[2,35] 0
x[2,36] 0
x[2,37] 0
x[2,38] 0
x[2,39] 0
x[2,40] 0
x[2,41] 0
x[2,42] 0
x[2,43] 0
x[2,44] 0
x[2,45] 0
x[2,46] 0
x[2,47] 0
x[2,48] 0
x[2,49] 0
x[2,50] 0
x[2,51] 0
x[2,52] 0
x[2,53] 0
x[2,54] 0
x[2,55] 0
x[2,56] 0
x[2,57] 0
x[2,58] 0
x[2,59] 0
x[2,60] 0
x[2,61] 0
x[2,62] 0
x[2,63] 0
x[2,64] 0
x[2,65] 0
x[2,66] 0
x[2,67] 0
x[2,68] 0
x[2,69] 0
x[2,70] 0
x[2,71] 0
x[2,72] 0
x[2,73] 0
x[2,74] 0
x[2,75] 0
x[2,76] 0
x[2,77] 0
x[2,78] 0
x[2,79] 0
x[2,80] 0
x[2,81] 0
x[2,82] 0
x[2,83] 0
x[2,84] 0
x[2,85] 0
x[2,86] 0
x[2,87] 0
x[2,88] 0
x[2,89] 0
x[2,90] 0
x[2,91] 0
x[2,92] 0
x[2,93] 0
x[2,94] 0
x[2,95] 0
x[2,96] 0
x[2,97] 0
x[2,98] 0
x[2,99] 0
x[2,100] 0
x[2,101] 0
x[2,102] 0
x[2,103] 0
x[2,104] 0
x[2,105] 0
x[2,106] 0
x[2,107] 0
x[2,108] 0
x[2,109] 0
x[2,110] 0
x[2,111] 0
x[2,112] 0
x[2,113] 0
x[2,114] 0
x[2,115] 0
x[2,116] 0
x[2,117] 0
x[2,118] 0
x[2,119] 0
x[2,120] 0
x[2,121] 0
x[2,122] 0
x[2,123] 0
x[2,124] 0
x[2,125] 0
x[2,126] 0
x[2,127] 0
x[2,128] 0
x[2,129] 0
x[2,130] 0
x[2,131] 0
x[2,132] 0
x[2,133] 0
x[2,134] 0
x[2,135] 0
x[2,136] 0
x[2,137] 0
x[2,138] 0
x[2,139] 0
x[2,140] 0
x[2,141] 0
x[2,142] 0
x[2,143] 0
x[2,144] 0
x[2,145] 0
x[2,146] 0
x[2,147] 0
x[2,148] 0
x[2,149] 0
x[2,150] 0
x[3,1] 0
x[3,2] 0
x[3,3] 0
x[3,4] 0
x[3,5] 0
x[3,6] 0
x[3,7] 0
x[3,8] 0
x[3,9] 1
x[3,10] 0
x[3,11] 0
x[3,12] 0
x[3,13] 0
x[3,14] 0
x[3,15] 0
x[3,16] 0
x[3,17] 0
x[3,18] 0
x[3,19] 0
x[3,20] 0
x[3,21] 0
x[3,22] 0
x[3,23] 0
x[3,24] 0
x[3,25] 0
x[3,26] 0
x[3,27] 0
x[3,28] 0
x[3,29] 0
x[3,30] 0
x[3,31] 0
x[3,32] 0
x[3,33] 0
x[3,34] 1
x[3,35] 0
x[3,36] 0
x[3,37] 0
x[3,38] 0
x[3,39] 0
x[3,40] 0
x[3,41] 0
x[3,42] 0
x[3,43] 0
x[3,44] 1
x[3,45] 0
x[3,46] 0
x[3,47] 0
x[3,48] 0
x[3,49] 0
x[3,50] 0
x[3,51] 0
x[3,52] 0
x[3,53] 0
x[3,54] 0
x[3,55] 0
x[3,56] 0
x[3,57] 0
x[3,58] 0
x[3,59] 0
x[3,60] 0
x[3,61] 0
x[3,62] 0
x[3,63] 0
x[3,64] 0
x[3,65] 0
x[3,66] 0
x[3,67] 0
x[3,68] 0
x[3,69] 0
x[3,70] 0
x[3,71] 0
x[3,72] 0
x[3,73] 0
x[3,74] 0
x[3,75] 0
x[3,76] 0
x[3,77] 0
x[3,78] 0
x[3,79] 0
x[3,80] 1
x[3,81] 0
x[3,82] 0
x[3,83] 0
x[3,84] 0
x[3,85] 0
x[3,86] 0
x[3,87] 1
x[3,88] 0
x[3,89] 0
x[3,90] 0
x[3,91] 0
x[3,92] 0
x[3,93] 0
x[3,94] 1
x[3,95] 1
x[3,96] 0
x[3,97] 0
x[3,98] 0
x[3,99] 0
x[3,100] 0
x[3,101] 0
x[3,102] 1
x[3,103] 0
x[3,104] 0
x[3,105] 0
x[3,106] 0
x[3,107] 0
x[3,108] 0
x[3,109] 0
x[3,110] 0
x[3,111] 0
x[3,112] 0
x[3,113] 0
x[3,114] 0
x[3,115] 0
x[3,116] 0
x[3,117] 0
x[3,118] 0
x[3,119] 0
x[3,120] 0
x[3,121] 0
x[3,122] 0
x[3,123] 0
x[3,124] 1
x[3,125] 0
x[3,126] 0
x[3,127] 0
x[3,128] 0
x[3,129] 1
x[3,130] 0
x[3,131] 0
x[3,132] 1
x[3,133] 0
x[3,134] 0
x[3,135] 0
x[3,136] 0
x[3,137] 0
x[3,138] 0
x[3,139] 0
x[3,140] 0
x[3,141] 0
x[3,142] 0
x[3,143] 0
x[3,144] 0
x[3,145] 0
x[3,146] 0
x[3,147] 1
x[3,148] 0
x[3,149] 0
x[3,150] 0
x[4,1] 0
x[4,2] 0
x[4,3] 0
x[4,4] 0
x[4,5] 0
x[4,6] 0
x[4,7] 0
x[4,8] 0
x[4,9] 0
x[4,10] 0
x[4,11] 0
x[4,12] 0
x[4,13] 0
x[4,14] 0
x[4,15] 0
x[4,16] 0
x[4,17] 0
x[4,18] 0
x[4,19] 0
x[4,20] 0
x[4,21] 0
x[4,22] 0
x[4,23] 0
x[4,24] 0
x[4,25] 0
x[4,26] 0
x[4,27] 0
x[4,28] 0
x[4,29] 0
x[4,30] 0
x[4,31] 0
x[4,32] 0
x[4,33] 0
x[4,34] 0
x[4,35] 0
x[4,36] 0
x[4,37] 0
x[4,38] 0
x[4,39] 0
x[4,40] 0
x[4,41] 0
x[4,42] 0
x[4,43] 0
x[4,44] 0
x[4,45] 0
x[4,46] 0
x[4,47] 0
x[4,48] 0
x[4,49] 0
x[4,50] 0
x[4,51] 0
x[4,52] 0
x[4,53] 0
x[4,54] 0
x[4,55] 0
x[4,56] 0
x[4,57] 0
x[4,58] 0
x[4,59] 0
x[4,60] 0
x[4,61] 0
x[4,62] 0
x[4,63] 0
x[4,64] 0
x[4,65] 0
x[4,66] 0
x[4,67] 0
x[4,68] 0
x[4,69] 0
x[4,70] 0
x[4,71] 0
x[4,72] 0
x[4,73] 0
x[4,74] 0
x[4,75] 0
x[4,76] 0
x[4,77] 0
x[4,78] 0
x[4,79] 0
x[4,80] 0
x[4,81] 0
x[4,82] 0
x[4,83] 0
x[4,84] 0
x[4,85] 0
x[4,86] 0
x[4,87] 0
x[4,88] 0
x[4,89] 0
x[4,90] 0
x[4,91] 0
x[4,92] 0
x[4,93] 0
x[4,94] 0
x[4,95] 0
x[4,96] 0
x[4,97] 0
x[4,98] 0
x[4,99] 0
x[4,100] 0
x[4,101] 0
x[4,102] 0
x[4,103] 0
x[4,104] 0
x[4,105] 0
x[4,106] 0
x[4,107] 0
x[4,108] 0
x[4,109] 0
x[4,110] 0
x[4,111] 0
x[4,112] 0
x[4,113] 0
x[4,114] 0
x[4,115] 0
x[4,116] 0
x[4,117] 0
x[4,118] 0
x[4,119] 0
x[4,120] 0
x[4,121] 0
x[4,122] 0
x[4,123] 0
x[4,124] 0
x[4,125] 0
x[4,126] 0
x[4,127] 0
x[4,128] 0
x[4,129] 0
x[4,130] 0
x[4,131] 0
x[4,132] 0
x[4,133] 0
x[4,134] 0
x[4,135] 0
x[4,136] 0
x[4,137] 0
x[4,138] 0
x[4,139] 0
x[4,140] 0
x[4,141] 0
x[4,142] 0
x[4,143] 0
x[4,144] 0
x[4,145] 0
x[4,146] 0
x[4,147] 0
x[4,148] 0
x[4,149] 0
x[4,150] 0
x[5,1] 0
x[5,2] 0
x[5,3] 0
x[5,4] 0
x[5,5] 0
x[5,6] 0
x[5,7] 0
x[5,8] 0
x[5,9] 0
x[5,10] 0
x[5,11] 0
x[5,12] 0
x[5,13] 0
x[5,14] 0
x[5,15] 0
x[5,16] 0
x[5,17] 0
x[5,18] 0
x[5,19] 0
x[5,20] 0
x[5,21] 0
x[5,22] 0
x[5,23] 0
x[5,24] 0
x[5,25] 0
x[5,26] 0
x[5,27] 0
x[5,28] 0
x[5,29] 0
x[5,30] 0
x[5,31] 0
x[5,32] 0
x[5,33] 0
x[5,34] 0
x[5,35] 0
x[5,36] 0
x[5,37] 0
x[5,38] 0
x[5,39] 0
x[5,40] 0
x[5,41] 0
x[5,42] 0
x[5,43] 0
x[5,44] 0
x[5,45] 0
x[5,46] 0
x[5,47] 0
x[5,48] 0
x[5,49] 0
x[5,50] 0
x[5,51] 0
x[5,52] 0
x[5,53] 0
x[5,54] 0
x[5,55] 0
x[5,56] 0
x[5,57] 0
x[5,58] 0
x[5,59] 0
x[5,60] 0
x[5,61] 0
x[5,62] 0
x[5,63] 0
x[5,64] 0
x[5,65] 0
x[5,66] 0
x[5,67] 0
x[5,68] 0
x[5,69] 0
x[5,70] 0
x[5,71] 0
x[5,72] 0
x[5,73] 0
x[5,74] 0
x[5,75] 0
x[5,76] 0
x[5,77] 0
x[5,78] 0
x[5,79] 0
x[5,80] 0
x[5,81] 0
x[5,82] 0
x[5,83] 0
x[5,84] 0
x[5,85] 0
x[5,86] 0
x[5,87] 0
x[5,88] 0
x[5,89] 0
x[5,90] 0
x[5,91] 0
x[5,92] 0
x[5,93] 0
x[5,94] 0
x[5,95] 0
x[5,96] 0
x[5,97] 0
x[5,98] 0
x[5,99] 0
x[5,100] 0
x[5,101] 0
x[5,102] 0
x[5,103] 0
x[5,104] 0
x[5,105] 0
x[5,106] 0
x[5,107] 0
x[5,108] 0
x[5,109] 0
x[5,110] 0
x[5,111] 0
x[5,112] 0
x[5,113] 0
x[5,114] 0
x[5,115] 0
x[5,116] 0
x[5,117] 0
x[5,118] 0
x[5,119] 0
x[5,120] 0
x[5,121] 0
x[5,122] 0
x[5,123] 0
x[5,124] 0
x[5,125] 0
x[5,126] 0
x[5,127] 0
x[5,128] 0
x[5,129] 0
x[5,130] 0
x[5,131] 0
x[5,132] 0
x[5,133] 0
x[5,134] 0
x[5,135] 0
x[5,136] 0
x[5,137] 0
x[5,138] 0
x[5,139] 0
x[5,140] 0
x[5,141] 0
x[5,142] 0
x[5,143] 0
x[5,144] 0
x[5,145] 0
x[5,146] 0
x[5,147] 0
x[5,148] 0
x[5,149] 0
x[5,150] 0
x[6,1] 0
x[6,2] 0
x[6,3] 0
x[6,4] 0
x[6,5] 0
x[6,6] 0
x[6,7] 0
x[6,8] 0
x[6,9] 0
x[6,10] 0
x[6,11] 0
x[6,12] 0
x[6,13] 0
x[6,14] 0
x[6,15] 0
x[6,16] 0
x[6,17] 0
x[6,18] 0
x[6,19] 0
x[6,20] 0
x[6,21] 0
x[6,22] 0
x[6,23] 0
x[6,24] 0
x[6,25] 0
x[6,26] 0
x[6,27] 0
x[6,28] 0
x[6,29] 0
x[6,30] 0
x[6,31] 0
x[6,32] 0
x[6,33] 0
x[6,34] 0
x[6,35] 0
x[6,36] 0
x[6,37] 0
x[6,38] 0
x[6,39] 0
x[6,40] 0
x[6,41] 0
x[6,42] 0
x[6,43] 0
x[6,44] 0
x[6,45] 0
x[6,46] 0
x[6,47] 0
x[6,48] 0
x[6,49] 0
x[6,50] 0
x[6,51] 0
x[6,52] 0
x[6,53] 0
x[6,54] 0
x[6,55] 0
x[6,56] 0
x[6,57] 0
x[6,58] 0
x[6,59] 0
x[6,60] 0
x[6,61] 0
x[6,62] 0
x[6,63] 0
x[6,64] 0
x[6,65] 0
x[6,66] 0
x[6,67] 0
x[6,68] 0
x[6,69] 0
x[6,70] 0
x[6,71] 0
x[6,72] 0
x[6,73] 0
x[6,74] 0
x[6,75] 0
x[6,76] 0
x[6,77] 0
x[6,78] 0
x[6,79] 0
x[6,80] 0
x[6,81] 0
x[6,82] 0
x[6,83] 0
x[6,84] 0
x[6,85] 0
x[6,86] 0
x[6,87] 0
x[6,88] 0
x[6,89] 0
x[6,90] 0
x[6,91] 0
x[6,92] 0
x[6,93] 0
x[6,94] 0
x[6,95] 0
x[6,96] 0
x[6,97] 0
x[6,98] 0
x[6,99] 0
x[6,100] 0
x[6,101] 0
x[6,102] 0
x[6,103] 0
x[6,104] 0
x[6,105] 0
x[6,106] 0
x[6,107] 0
x[6,108] 0
x[6,109] 0
x[6,110] 0
x[6,111] 0
x[6,112] 0
x[6,113] 0
x[6,114] 0
x[6,115] 0
x[6,116] 0
x[6,117] 0
x[6,118] 0
x[6,119] 0
x[6,120] 0
x[6,121] 0
x[6,122] 0
x[6,123] 0
x[6,124] 0
x[6,125] 0
x[6,126] 0
x[6,127] 0
x[6,128] 0
x[6,129] 0
x[6,130] 0
x[6,131] 0
x[6,132] 0
x[6,133] 0
x[6,134] 0
x[6,135] 0
x[6,136] 0
x[6,137] 0
x[6,138] 0
x[6,139] 0
x[6,140] 0
x[6,141] 0
x[6,142] 0
x[6,143] 0
x[6,144] 0
x[6,145] 0
x[6,146] 0
x[6,147] 0
x[6,148] 0
x[6,149] 0
x[6,150] 0
x[7,1] 0
x[7,2] 0
x[7,3] 0
x[7,4] 0
x[7,5] 0
x[7,6] 0
x[7,7] 0
x[7,8] 0
x[7,9] 0
x[7,10] 0
x[7,11] 0
x[7,12] 0
x[7,13] 0
x[7,14] 0
x[7,15] 0
x[7,16] 0
x[7,17] 0
x[7,18] 0
x[7,19] 0
x[7,20] 0
x[7,21] 0
x[7,22] 0
x[7,23] 0
x[7,24] 0
x[7,25] 0
x[7,26] 0
x[7,27] 0
x[7,28] 0
x[7,29] 0
x[7,30] 0
x[7,31] 0
x[7,32] 0
x[7,33] 0
x[7,34] 0
x[7,35] 0
x[7,36] 0
x[7,37] 0
x[7,38] 0
x[7,39] 0
x[7,40] 0
x[7,41] 0
x[7,42] 0
x[7,43] 0
x[7,44] 0
x[7,45] 0
x[7,46] 0
x[7,47] 0
x[7,48] 0
x[7,49] 0
x[7,50] 0
x[7,51] 0
x[7,52] 0
x[7,53] 0
x[7,54] 0
x[7,55] 0
x[7,56] 0
x[7,57] 0
x[7,58] 0
x[7,59] 0
x[7,60] 0
x[7,61] 0
x[7,62] 0
x[7,63] 0
x[7,64] 0
x[7,65] 0
x[7,66] 0
x[7,67] 0
x[7,68] 0
x[7,69] 0
x[7,70] 0
x[7,71] 0
x[7,72] 0
x[7,73] 0
x[7,74] 0
x[7,75] 0
x[7,76] 0
x[7,77] 0
x[7,78] 0
x[7,79] 0
x[7,80] 0
x[7,81] 0
x[7,82] 0
x[7,83] 0
x[7,84] 0
x[7,85] 0
x[7,86] 0
x[7,87] 0
x[7,88] 0
x[7,89] 0
x[7,90] 0
x[7,91] 0
x[7,92] 0
x[7,93] 0
x[7,94] 0
x[7,95] 0
x[7,96] 0
x[7,97] 0
x[7,98] 0
x[7,99] 0
x[7,100] 0
x[7,101] 0
x[7,102] 0
x[7,103] 0
x[7,104] 0
x[7,105] 0
x[7,106] 0
x[7,107] 0
x[7,108] 0
x[7,109] 0
x[7,110] 0
x[7,111] 0
x[7,112] 0
x[7,113] 0
x[7,114] 0
x[7,115] 0
x[7,116] 0
x[7,117] 0
x[7,118] 0
x[7,119] 0
x[7,120] 0
x[7,121] 0
x[7,122] 0
x[7,123] 0
x[7,124] 0
x[7,125] 0
x[7,126] 0
x[7,127] 0
x[7,128] 0
x[7,129] 0
x[7,130] 0
x[7,131] 0
x[7,132] 0
x[7,133] 0
x[7,134] 0
x[7,135] 0
x[7,136] 0
x[7,137] 0
x[7,138] 0
x[7,139] 0
x[7,140] 0
x[7,141] 0
x[7,142] 0
x[7,143] 0
x[7,144] 0
x[7,145] 0
x[7,146] 0
x[7,147] 0
x[7,148] 0
x[7,149] 0
x[7,150] 0
x[8,1] 0
x[8,2] 0
x[8,3] 0
x[8,4] 0
x[8,5] 0
x[8,6] 0
x[8,7] 0
x[8,8] 0
x[8,9] 0
x[8,10] 0
x[8,11] 0
x[8,12] 0
x[8,13] 1
x[8,14] 0
x[8,15] 0
x[8,16] 0
x[8,17] 1
x[8,18] 0
x[8,19] 0
x[8,20] 0
x[8,21] 1
x[8,22] 0
x[8,23] 0
x[8,24] 1
x[8,25] 0
x[8,26] 0
x[8,27] 0
x[8,28] 0
x[8,29] 1
x[8,30] 0
x[8,31] 0
x[8,32] 0
x[8,33] 0
x[8,34] 0
x[8,35] 0
x[8,36] 0
x[8,37] 1
x[8,38] 0
x[8,39] 0
x[8,40] 0
x[8,41] 0
x[8,42] 0
x[8,43] 0
x[8,44] 0
x[8,45] 1
x[8,46] 0
x[8,47] 0
x[8,48] 0
x[8,49] 0
x[8,50] 0
x[8,51] 0
x[8,52] 0
x[8,53] 0
x[8,54] 0
x[8,55] 0
x[8,56] 0
x[8,57] 0
x[8,58] 0
x[8,59] 0
x[8,60] 0
x[8,61] 0
x[8,62] 0
x[8,63] 0
x[8,64] 1
x[8,65] 0
x[8,66] 0
x[8,67] 1
x[8,68] 0
x[8,69] 0
x[8,70] 0
x[8,71] 0
x[8,72] 0
x[8,73] 0
x[8,74] 0
x[8,75] 0
x[8,76] 0
x[8,77] 1
x[8,78] 0
x[8,79] 0
x[8,80] 0
x[8,81] 1
x[8,82] 1
x[8,83] 0
x[8,84] 0
x[8,85] 0
x[8,86] 0
x[8,87] 0
x[8,88] 0
x[8,89] 0
x[8,90] 0
x[8,91] 0
x[8,92] 0
x[8,93] 0
x[8,94] 0
x[8,95] 0
x[8,96] 0
x[8,97] 0
x[8,98] 0
x[8,99] 0
x[8,100] 0
x[8,101] 0
x[8,102] 0
x[8,103] 0
x[8,104] 0
x[8,105] 0
x[8,106] 0
x[8,107] 0
x[8,108] 0
x[8,109] 0
x[8,110] 0
x[8,111] 0
x[8,112] 0
x[8,113] 0
x[8,114] 0
x[8,115] 0
x[8,116] 0
x[8,117] 1
x[8,118] 0
x[8,119] 0
x[8,120] 0
x[8,121] 0
x[8,122] 0
x[8,123] 0
x[8,124] 0
x[8,125] 0
x[8,126] 0
x[8,127] 0
x[8,128] 0
x[8,129] 0
x[8,130] 0
x[8,131] 0
x[8,132] 0
x[8,133] 0
x[8,134] 0
x[8,135] 0
x[8,136] 0
x[8,137] 0
x[8,138] 0
x[8,139] 0
x[8,140] 0
x[8,141] 0
x[8,142] 0
x[8,143] 0
x[8,144] 0
x[8,145] 0
x[8,146] 0
x[8,147] 0
x[8,148] 0
x[8,149] 0
x[8,150] 0
x[9,1] 1
x[9,2] 0
x[9,3] 0
x[9,4] 0
x[9,5] 1
x[9,6] 0
x[9,7] 0
x[9,8] 0
x[9,9] 0
x[9,10] 0
x[9,11] 0
x[9,12] 0
x[9,13] 0
x[9,14] 1
x[9,15] 1
x[9,16] 0
x[9,17] 0
x[9,18] 0
x[9,19] 0
x[9,20] 0
x[9,21] 0
x[9,22] 0
x[9,23] 0
x[9,24] 0
x[9,25] 0
x[9,26] 1
x[9,27] 0
x[9,28] 0
x[9,29] 0
x[9,30] 0
x[9,31] 0
x[9,32] 0
x[9,33] 0
x[9,34] 0
x[9,35] 0
x[9,36] 1
x[9,37] 0
x[9,38] 0
x[9,39] 0
x[9,40] 1
x[9,41] 0
x[9,42] 1
x[9,43] 0
x[9,44] 0
x[9,45] 0
x[9,46] 0
x[9,47] 1
x[9,48] 0
x[9,49] 0
x[9,50] 0
x[9,51] 0
x[9,52] 1
x[9,53] 0
x[9,54] 0
x[9,55] 1
x[9,56] 1
x[9,57] 0
x[9,58] 0
x[9,59] 0
x[9,60] 0
x[9,61] 0
x[9,62] 0
x[9,63] 0
x[9,64] 0
x[9,65] 0
x[9,66] 0
x[9,67] 0
x[9,68] 0
x[9,69] 0
x[9,70] 0
x[9,71] 0
x[9,72] 1
x[9,73] 0
x[9,74] 0
x[9,75] 0
x[9,76] 1
x[9,77] 0
x[9,78] 1
x[9,79] 0
x[9,80] 0
x[9,81] 0
x[9,82] 0
x[9,83] 1
x[9,84] 0
x[9,85] 0
x[9,86] 0
x[9,87] 0
x[9,88] 0
x[9,89] 1
x[9,90] 0
x[9,91] 0
x[9,92] 0
x[9,93] 0
x[9,94] 0
x[9,95] 0
x[9,96] 0
x[9,97] 1
x[9,98] 1
x[9,99] 0
x[9,100] 0
x[9,101] 1
x[9,102] 0
x[9,103] 0
x[9,104] 0
x[9,105] 0
x[9,106] 0
x[9,107] 0
x[9,108] 0
x[9,109] 0
x[9,110] 1
x[9,111] 0
x[9,112] 1
x[9,113] 0
x[9,114] 0
x[9,115] 0
x[9,116] 0
x[9,117] 0
x[9,118] 0
x[9,119] 0
x[9,120] 0
x[9,121] 0
x[9,122] 1
x[9,123] 0
x[9,124] 0
x[9,125] 0
x[9,126] 0
x[9,127] 0
x[9,128] 0
x[9,129] 0
x[9,130] 0
x[9,131] 0
x[9,132] 0
x[9,133] 0
x[9,134] 0
x[9,135] 0
x[9,136] 1
x[9,137] 1
x[9,138] 0
x[9,139] 1
x[9,140] 0
x[9,141] 0
x[9,142] 1
x[9,143] 1
x[9,144] 0
x[9,145] 0
x[9,146] 1
x[9,147] 0
x[9,148] 0
x[9,149] 1
x[9,150] 0
x[10,1] 0
x[10,2] 0
x[10,3] 0
x[10,4] 0
x[10,5] 0
x[10,6] 0
x[10,7] 0
x[10,8] 0
x[10,9] 0
x[10,10] 0
x[10,11] 0
x[10,12] 0
x[10,13] 0
x[10,14] 0
x[10,15] 0
x[10,16] 0
x[10,17] 0
x[10,18] 0
x[10,19] 0
x[10,20] 0
x[10,21] 0
x[10,22] 0
x[10,23] 0
x[10,24] 0
x[10,25] 0
x[10,26] 0
x[10,27] 0
x[10,28] 0
x[10,29] 0
x[10,30] 0
x[10,31] 0
x[10,32] 0
x[10,33] 0
x[10,34] 0
x[10,35] 0
x[10,36] 0
x[10,37] 0
x[10,38] 0
x[10,39] 0
x[10,40] 0
x[10,41] 0
x[10,42] 0
x[10,43] 0
x[10,44] 0
x[10,45] 0
x[10,46] 0
x[10,47] 0
x[10,48] 0
x[10,49] 0
x[10,50] 0
x[10,51] 0
x[10,52] 0
x[10,53] 0
x[10,54] 0
x[10,55] 0
x[10,56] 0
x[10,57] 0
x[10,58] 0
x[10,59] 0
x[10,60] 0
x[10,61] 0
x[10,62] 0
x[10,63] 0
x[10,64] 0
x[10,65] 0
x[10,66] 0
x[10,67] 0
x[10,68] 0
x[10,69] 0
x[10,70] 0
x[10,71] 0
x[10,72] 0
x[10,73] 0
x[10,74] 0
x[10,75] 0
x[10,76] 0
x[10,77] 0
x[10,78] 0
x[10,79] 0
x[10,80] 0
x[10,81] 0
x[10,82] 0
x[10,83] 0
x[10,84] 0
x[10,85] 0
x[10,86] 0
x[10,87] 0
x[10,88] 0
x[10,89] 0
x[10,90] 0
x[10,91] 0
x[10,92] 0
x[10,93] 0
x[10,94] 0
x[10,95] 0
x[10,96] 0
x[10,97] 0
x[10,98] 0
x[10,99] 0
x[10,100] 0
x[10,101] 0
x[10,102] 0
x[10,103] 0
x[10,104] 0
x[10,105] 0
x[10,106] 0
x[10,107] 0
x[10,108] 0
x[10,109] 0
x[10,110] 0
x[10,111] 0
x[10,112] 0
x[10,113] 0
x[10,114] 0
x[10,115] 0
x[10,116] 0
x[10,117] 0
x[10,118] 0
x[10,119] 0
x[10,120] 0
x[10,121] 0
x[10,122] 0
x[10,123] 0
x[10,124] 0
x[10,125] 0
x[10,126] 0
x[10,127] 0
x[10,128] 0
x[10,129] 0
x[10,130] 0
x[10,131] 0
x[10,132] 0
x[10,133] 0
x[10,134] 0
x[10,135] 0
x[10,136] 0
x[10,137] 0
x[10,138] 0
x[10,139] 0
x[10,140] 0
x[10,141] 0
x[10,142] 0
x[10,143] 0
x[10,144] 0
x[10,145] 0
x[10,146] 0
x[10,147] 0
x[10,148] 0
x[10,149] 0
x[10,150] 0
x[11,1] 0
x[11,2] 0
x[11,3] 0
x[11,4] 0
x[11,5] 0
x[11,6] 0
x[11,7] 0
x[11,8] 0
x[11,9] 0
x[11,10] 0
x[11,11] 0
x[11,12] 0
x[11,13] 0
x[11,14] 0
x[11,15] 0
x[11,16] 0
x[11,17] 0
x[11,18] 0
x[11,19] 0
x[11,20] 0
x[11,21] 0
x[11,22] 0
x[11,23] 0
x[11,24] 0
x[11,25] 0
x[11,26] 0
x[11,27] 0
x[11,28] 0
x[11,29] 0
x[11,30] 0
x[11,31] 0
x[11,32] 0
x[11,33] 0
x[11,34] 0
x[11,35] 0
x[11,36] 0
x[11,37] 0
x[11,38] 0
x[11,39] 0
x[11,40] 0
x[11,41] 0
x[11,42] 0
x[11,43] 0
x[11,44] 0
x[11,45] 0
x[11,46] 0
x[11,47] 0
x[11,48] 0
x[11,49] 0
x[11,50] 0
x[11,51] 0
x[11,52] 0
x[11,53] 0
x[11,54] 0
x[11,55] 0
x[11,56] 0
x[11,57] 0
x[11,58] 0
x[11,59] 0
x[11,60] 0
x[11,61] 0
x[11,62] 0
x[11,63] 0
x[11,64] 0
x[11,65] 0
x[11,66] 0
x[11,67] 0
x[11,68] 0
x[11,69] 0
x[11,70] 0
x[11,71] 0
x[11,72] 0
x[11,73] 0
x[11,74] 0
x[11,75] 0
x[11,76] 0
x[11,77] 0
x[11,78] 0
x[11,79] 0
x[11,80] 0
x[11,81] 0
x[11,82] 0
x[11,83] 0
x[11,84] 0
x[11,85] 0
x[11,86] 0
x[11,87] 0
x[11,88] 0
x[11,89] 0
x[11,90] 0
x[11,91] 0
x[11,92] 0
x[11,93] 0
x[11,94] 0
x[11,95] 0
x[11,96] 0
x[11,97] 0
x[11,98] 0
x[11,99] 0
x[11,100] 0
x[11,101] 0
x[11,102] 0
x[11,103] 0
x[11,104] 0
x[11,105] 0
x[11,106] 0
x[11,107] 0
x[11,108] 0
x[11,109] 0
x[11,110] 0
x[11,111] 0
x[11,112] 0
x[11,113] 0
x[11,114] 0
x[11,115] 0
x[11,116] 0
x[11,117] 0
x[11,118] 0
x[11,119] 0
x[11,120] 0
x[11,121] 0
x[11,122] 0
x[11,123] 0
x[11,124] 0
x[11,125] 0
x[11,126] 0
x[11,127] 0
x[11,128] 0
x[11,129] 0
x[11,130] 0
x[11,131] 0
x[11,132] 0
x[11,133] 0
x[11,134] 0
x[11,135] 0
x[11,136] 0
x[11,137] 0
x[11,138] 0
x[11,139] 0
x[11,140] 0
x[11,141] 0
x[11,142] 0
x[11,143] 0
x[11,144] 0
x[11,145] 0
x[11,146] 0
x[11,147] 0
x[11,148] 0
x[11,149] 0
x[11,150] 0
x[12,1] 0
x[12,2] 0
x[12,3] 0
x[12,4] 0
x[12,5] 0
x[12,6] 1
x[12,7] 0
x[12,8] 0
x[12,9] 0
x[12,10] 1
x[12,11] 0
x[12,12] 1
x[12,13] 0
x[12,14] 0
x[12,15] 0
x[12,16] 0
x[12,17] 0
x[12,18] 0
x[12,19] 1
x[12,20] 1
x[12,21] 0
x[12,22] 0
x[12,23] 0
x[12,24] 0
x[12,25] 0
x[12,26] 0
x[12,27] 0
x[12,28] 1
x[12,29] 0
x[12,30] 0
x[12,31] 0
x[12,32] 0
x[12,33] 0
x[12,34] 0
x[12,35] 0
x[12,36] 0
x[12,37] 0
x[12,38] 0
x[12,39] 1
x[12,40] 0
x[12,41] 0
x[12,42] 0
x[12,43] 0
x[12,44] 0
x[12,45] 0
x[12,46] 0
x[12,47] 0
x[12,48] 0
x[12,49] 0
x[12,50] 0
x[12,51] 0
x[12,52] 0
x[12,53] 0
x[12,54] 1
x[12,55] 0
x[12,56] 0
x[12,57] 1
x[12,58] 0
x[12,59] 0
x[12,60] 0
x[12,61] 0
x[12,62] 1
x[12,63] 0
x[12,64] 0
x[12,65] 1
x[12,66] 0
x[12,67] 0
x[12,68] 0
x[12,69] 0
x[12,70] 0
x[12,71] 0
x[12,72] 0
x[12,73] 1
x[12,74] 0
x[12,75] 0
x[12,76] 0
x[12,77] 0
x[12,78] 0
x[12,79] 0
x[12,80] 0
x[12,81] 0
x[12,82] 0
x[12,83] 0
x[12,84] 0
x[12,85] 0
x[12,86] 1
x[12,87] 0
x[12,88] 0
x[12,89] 0
x[12,90] 0
x[12,91] 0
x[12,92] 0
x[12,93] 0
x[12,94] 0
x[12,95] 0
x[12,96] 0
x[12,97] 0
x[12,98] 0
x[12,99] 0
x[12,100] 0
x[12,101] 0
x[12,102] 0
x[12,103] 0
x[12,104] 1
x[12,105] 1
x[12,106] 1
x[12,107] 0
x[12,108] 1
x[12,109] 1
x[12,110] 0
x[12,111] 0
x[12,112] 0
x[12,113] 0
x[12,114] 1
x[12,115] 0
x[12,116] 0
x[12,117] 0
x[12,118] 0
x[12,119] 1
x[12,120] 0
x[12,121] 0
x[12,122] 0
x[12,123] 0
x[12,124] 0
x[12,125] 1
x[12,126] 0
x[12,127] 0
x[12,128] 0
x[12,129] 0
x[12,130] 0
x[12,131] 1
x[12,132] 0
x[12,133] 1
x[12,134] 0
x[12,135] 0
x[12,136] 0
x[12,137] 0
x[12,138] 1
x[12,139] 0
x[12,140] 0
x[12,141] 0
x[12,142] 0
x[12,143] 0
x[12,144] 0
x[12,145] 1
x[12,146] 0
x[12,147] 0
x[12,148] 1
x[12,149] 0
x[12,150] 1
x[13,1] 0
x[13,2] 0
x[13,3] 0
x[13,4] 0
x[13,5] 0
x[13,6] 0
x[13,7] 0
x[13,8] 0
x[13,9] 0
x[13,10] 0
x[13,11] 0
x[13,12] 0
x[13,13] 0
x[13,14] 0
x[13,15] 0
x[13,16] 0
x[13,17] 0
x[13,18] 0
x[13,19] 0
x[13,20] 0
x[13,21] 0
x[13,22] 0
x[13,23] 0
x[13,24] 0
x[13,25] 0
x[13,26] 0
x[13,27] 0
x[13,28] 0
x[13,29] 0
x[13,30] 0
x[13,31] 0
x[13,32] 0
x[13,33] 0
x[13,34] 0
x[13,35] 0
x[13,36] 0
x[13,37] 0
x[13,38] 0
x[13,39] 0
x[13,40] 0
x[13,41] 0
x[13,42] 0
x[13,43] 0
x[13,44] 0
x[13,45] 0
x[13,46] 0
x[13,47] 0
x[13,48] 0
x[13,49] 0
x[13,50] 0
x[13,51] 0
x[13,52] 0
x[13,53] 0
x[13,54] 0
x[13,55] 0
x[13,56] 0
x[13,57] 0
x[13,58] 0
x[13,59] 0
x[13,60] 0
x[13,61] 0
x[13,62] 0
x[13,63] 0
x[13,64] 0
x[13,65] 0
x[13,66] 0
x[13,67] 0
x[13,68] 0
x[13,69] 0
x[13,70] 0
x[13,71] 0
x[13,72] 0
x[13,73] 0
x[13,74] 0
x[13,75] 0
x[13,76] 0
x[13,77] 0
x[13,78] 0
x[13,79] 0
x[13,80] 0
x[13,81] 0
x[13,82] 0
x[13,83] 0
x[13,84] 0
x[13,85] 0
x[13,86] 0
x[13,87] 0
x[13,88] 0
x[13,89] 0
x[13,90] 0
x[13,91] 0
x[13,92] 0
x[13,93] 0
x[13,94] 0
x[13,95] 0
x[13,96] 0
x[13,97] 0
x[13,98] 0
x[13,99] 0
x[13,100] 0
x[13,101] 0
x[13,102] 0
x[13,103] 0
x[13,104] 0
x[13,105] 0
x[13,106] 0
x[13,107] 0
x[13,108] 0
x[13,109] 0
x[13,110] 0
x[13,111] 0
x[13,112] 0
x[13,113] 0
x[13,114] 0
x[13,115] 0
x[13,116] 0
x[13,117] 0
x[13,118] 0
x[13,119] 0
x[13,120] 0
x[13,121] 0
x[13,122] 0
x[13,123] 0
x[13,124] 0
x[13,125] 0
x[13,126] 0
x[13,127] 0
x[13,128] 0
x[13,129] 0
x[13,130] 0
x[13,131] 0
x[13,132] 0
x[13,133] 0
x[13,134] 0
x[13,135] 0
x[13,136] 0
x[13,137] 0
x[13,138] 0
x[13,139] 0
x[13,140] 0
x[13,141] 0
x[13,142] 0
x[13,143] 0
x[13,144] 0
x[13,145] 0
x[13,146] 0
x[13,147] 0
x[13,148] 0
x[13,149] 0
x[13,150] 0
x[14,1] 0
x[14,2] 0
x[14,3] 0
x[14,4] 0
x[14,5] 0
x[14,6] 0
x[14,7] 0
x[14,8] 0
x[14,9] 0
x[14,10] 0
x[14,11] 0
x[14,12] 0
x[14,13] 0
x[14,14] 0
x[14,15] 0
x[14,16] 0
x[14,17] 0
x[14,18] 0
x[14,19] 0
x[14,20] 0
x[14,21] 0
x[14,22] 0
x[14,23] 0
x[14,24] 0
x[14,25] 0
x[14,26] 0
x[14,27] 0
x[14,28] 0
x[14,29] 0
x[14,30] 0
x[14,31] 0
x[14,32] 0
x[14,33] 0
x[14,34] 0
x[14,35] 0
x[14,36] 0
x[14,37] 0
x[14,38] 0
x[14,39] 0
x[14,40] 0
x[14,41] 0
x[14,42] 0
x[14,43] 0
x[14,44] 0
x[14,45] 0
x[14,46] 0
x[14,47] 0
x[14,48] 0
x[14,49] 0
x[14,50] 0
x[14,51] 0
x[14,52] 0
x[14,53] 0
x[14,54] 0
x[14,55] 0
x[14,56] 0
x[14,57] 0
x[14,58] 0
x[14,59] 0
x[14,60] 0
x[14,61] 0
x[14,62] 0
x[14,63] 0
x[14,64] 0
x[14,65] 0
x[14,66] 0
x[14,67] 0
x[14,68] 0
x[14,69] 0
x[14,70] 0
x[14,71] 0
x[14,72] 0
x[14,73] 0
x[14,74] 0
x[14,75] 0
x[14,76] 0
x[14,77] 0
x[14,78] 0
x[14,79] 0
x[14,80] 0
x[14,81] 0
x[14,82] 0
x[14,83] 0
x[14,84] 0
x[14,85] 0
x[14,86] 0
x[14,87] 0
x[14,88] 0
x[14,89] 0
x[14,90] 0
x[14,91] 0
x[14,92] 0
x[14,93] 0
x[14,94] 0
x[14,95] 0
x[14,96] 0
x[14,97] 0
x[14,98] 0
x[14,99] 0
x[14,100] 0
x[14,101] 0
x[14,102] 0
x[14,103] 0
x[14,104] 0
x[14,105] 0
x[14,106] 0
x[14,107] 0
x[14,108] 0
x[14,109] 0
x[14,110] 0
x[14,111] 0
x[14,112] 0
x[14,113] 0
x[14,114] 0
x[14,115] 0
x[14,116] 0
x[14,117] 0
x[14,118] 0
x[14,119] 0
x[14,120] 0
x[14,121] 0
x[14,122] 0
x[14,123] 0
x[14,124] 0
x[14,125] 0
x[14,126] 0
x[14,127] 0
x[14,128] 0
x[14,129] 0
x[14,130] 0
x[14,131] 0
x[14,132] 0
x[14,133] 0
x[14,134] 0
x[14,135] 0
x[14,136] 0
x[14,137] 0
x[14,138] 0
x[14,139] 0
x[14,140] 0
x[14,141] 0
x[14,142] 0
x[14,143] 0
x[14,144] 0
x[14,145] 0
x[14,146] 0
x[14,147] 0
x[14,148] 0
x[14,149] 0
x[14,150] 0
x[15,1] 0
x[15,2] 1
x[15,3] 0
x[15,4] 0
x[15,5] 0
x[15,6] 0
x[15,7] 0
x[15,8] 0
x[15,9] 0
x[15,10] 0
x[15,11] 0
x[15,12] 0
x[15,13] 0
x[15,14] 0
x[15,15] 0
x[15,16] 1
x[15,17] 0
x[15,18] 0
x[15,19] 0
x[15,20] 0
x[15,21] 0
x[15,22] 0
x[15,23] 0
x[15,24] 0
x[15,25] 0
x[15,26] 0
x[15,27] 1
x[15,28] 0
x[15,29] 0
x[15,30] 0
x[15,31] 1
x[15,32] 1
x[15,33] 1
x[15,34] 0
x[15,35] 1
x[15,36] 0
x[15,37] 0
x[15,38] 0
x[15,39] 0
x[15,40] 0
x[15,41] 0
x[15,42] 0
x[15,43] 0
x[15,44] 0
x[15,45] 0
x[15,46] 1
x[15,47] 0
x[15,48] 0
x[15,49] 0
x[15,50] 0
x[15,51] 1
x[15,52] 0
x[15,53] 1
x[15,54] 0
x[15,55] 0
x[15,56] 0
x[15,57] 0
x[15,58] 0
x[15,59] 0
x[15,60] 1
x[15,61] 0
x[15,62] 0
x[15,63] 0
x[15,64] 0
x[15,65] 0
x[15,66] 0
x[15,67] 0
x[15,68] 0
x[15,69] 0
x[15,70] 0
x[15,71] 1
x[15,72] 0
x[15,73] 0
x[15,74] 0
x[15,75] 0
x[15,76] 0
x[15,77] 0
x[15,78] 0
x[15,79] 0
x[15,80] 0
x[15,81] 0
x[15,82] 0
x[15,83] 0
x[15,84] 0
x[15,85] 1
x[15,86] 0
x[15,87] 0
x[15,88] 0
x[15,89] 0
x[15,90] 0
x[15,91] 0
x[15,92] 0
x[15,93] 1
x[15,94] 0
x[15,95] 0
x[15,96] 1
x[15,97] 0
x[15,98] 0
x[15,99] 0
x[15,100] 0
x[15,101] 0
x[15,102] 0
x[15,103] 1
x[15,104] 0
x[15,105] 0
x[15,106] 0
x[15,107] 1
x[15,108] 0
x[15,109] 0
x[15,110] 0
x[15,111] 1
x[15,112] 0
x[15,113] 1
x[15,114] 0
x[15,115] 0
x[15,116] 0
x[15,117] 0
x[15,118] 0
x[15,119] 0
x[15,120] 0
x[15,121] 0
x[15,122] 0
x[15,123] 0
x[15,124] 0
x[15,125] 0
x[15,126] 0
x[15,127] 0
x[15,128] 1
x[15,129] 0
x[15,130] 1
x[15,131] 0
x[15,132] 0
x[15,133] 0
x[15,134] 0
x[15,135] 1
x[15,136] 0
x[15,137] 0
x[15,138] 0
x[15,139] 0
x[15,140] 0
x[15,141] 0
x[15,142] 0
x[15,143] 0
x[15,144] 1
x[15,145] 0
x[15,146] 0
x[15,147] 0
x[15,148] 0
x[15,149] 0
x[15,150] 0
x[16,1] 0
x[16,2] 0
x[16,3] 0
x[16,4] 0
x[16,5] 0
x[16,6] 0
x[16,7] 0
x[16,8] 0
x[16,9] 0
x[16,10] 0
x[16,11] 0
x[16,12] 0
x[16,13] 0
x[16,14] 0
x[16,15] 0
x[16,16] 0
x[16,17] 0
x[16,18] 0
x[16,19] 0
x[16,20] 0
x[16,21] 0
x[16,22] 0
x[16,23] 0
x[16,24] 0
x[16,25] 0
x[16,26] 0
x[16,27] 0
x[16,28] 0
x[16,29] 0
x[16,30] 0
x[16,31] 0
x[16,32] 0
x[16,33] 0
x[16,34] 0
x[16,35] 0
x[16,36] 0
x[16,37] 0
x[16,38] 0
x[16,39] 0
x[16,40] 0
x[16,41] 0
x[16,42] 0
x[16,43] 0
x[16,44] 0
x[16,45] 0
x[16,46] 0
x[16,47] 0
x[16,48] 0
x[16,49] 0
x[16,50] 0
x[16,51] 0
x[16,52] 0
x[16,53] 0
x[16,54] 0
x[16,55] 0
x[16,56] 0
x[16,57] 0
x[16,58] 0
x[16,59] 0
x[16,60] 0
x[16,61] 0
x[16,62] 0
x[16,63] 0
x[16,64] 0
x[16,65] 0
x[16,66] 0
x[16,67] 0
x[16,68] 0
x[16,69] 0
x[16,70] 0
x[16,71] 0
x[16,72] 0
x[16,73] 0
x[16,74] 0
x[16,75] 0
x[16,76] 0
x[16,77] 0
x[16,78] 0
x[16,79] 0
x[16,80] 0
x[16,81] 0
x[16,82] 0
x[16,83] 0
x[16,84] 0
x[16,85] 0
x[16,86] 0
x[16,87] 0
x[16,88] 0
x[16,89] 0
x[16,90] 0
x[16,91] 0
x[16,92] 0
x[16,93] 0
x[16,94] 0
x[16,95] 0
x[16,96] 0
x[16,97] 0
x[16,98] 0
x[16,99] 0
x[16,100] 0
x[16,101] 0
x[16,102] 0
x[16,103] 0
x[16,104] 0
x[16,105] 0
x[16,106] 0
x[16,107] 0
x[16,108] 0
x[16,109] 0
x[16,110] 0
x[16,111] 0
x[16,112] 0
x[16,113] 0
x[16,114] 0
x[16,115] 0
x[16,116] 0
x[16,117] 0
x[16,118] 0
x[16,119] 0
x[16,120] 0
x[16,121] 0
x[16,122] 0
x[16,123] 0
x[16,124] 0
x[16,125] 0
x[16,126] 0
x[16,127] 0
x[16,128] 0
x[16,129] 0
x[16,130] 0
x[16,131] 0
x[16,132] 0
x[16,133] 0
x[16,134] 0
x[16,135] 0
x[16,136] 0
x[16,137] 0
x[16,138] 0
x[16,139] 0
x[16,140] 0
x[16,141] 0
x[16,142] 0
x[16,143] 0
x[16,144] 0
x[16,145] 0
x[16,146] 0
x[16,147] 0
x[16,148] 0
x[16,149] 0
x[16,150] 0
x[17,1] 0
x[17,2] 0
x[17,3] 0
x[17,4] 0
x[17,5] 0
x[17,6] 0
x[17,7] 0
x[17,8] 0
x[17,9] 0
x[17,10] 0
x[17,11] 0
x[17,12] 0
x[17,13] 0
x[17,14] 0
x[17,15] 0
x[17,16] 0
x[17,17] 0
x[17,18] 0
x[17,19] 0
x[17,20] 0
x[17,21] 0
x[17,22] 0
x[17,23] 0
x[17,24] 0
x[17,25] 0
x[17,26] 0
x[17,27] 0
x[17,28] 0
x[17,29] 0
x[17,30] 0
x[17,31] 0
x[17,32] 0
x[17,33] 0
x[17,34] 0
x[17,35] 0
x[17,36] 0
x[17,37] 0
x[17,38] 0
x[17,39] 0
x[17,40] 0
x[17,41] 0
x[17,42] 0
x[17,43] 0
x[17,44] 0
x[17,45] 0
x[17,46] 0
x[17,47] 0
x[17,48] 0
x[17,49] 0
x[17,50] 0
x[17,51] 0
x[17,52] 0
x[17,53] 0
x[17,54] 0
x[17,55] 0
x[17,56] 0
x[17,57] 0
x[17,58] 0
x[17,59] 0
x[17,60] 0
x[17,61] 0
x[17,62] 0
x[17,63] 0
x[17,64] 0
x[17,65] 0
x[17,66] 0
x[17,67] 0
x[17,68] 0
x[17,69] 0
x[17,70] 0
x[17,71] 0
x[17,72] 0
x[17,73] 0
x[17,74] 0
x[17,75] 0
x[17,76] 0
x[17,77] 0
x[17,78] 0
x[17,79] 0
x[17,80] 0
x[17,81] 0
x[17,82] 0
x[17,83] 0
x[17,84] 0
x[17,85] 0
x[17,86] 0
x[17,87] 0
x[17,88] 0
x[17,89] 0
x[17,90] 0
x[17,91] 0
x[17,92] 0
x[17,93] 0
x[17,94] 0
x[17,95] 0
x[17,96] 0
x[17,97] 0
x[17,98] 0
x[17,99] 0
x[17,100] 0
x[17,101] 0
x[17,102] 0
x[17,103] 0
x[17,104] 0
x[17,105] 0
x[17,106] 0
x[17,107] 0
x[17,108] 0
x[17,109] 0
x[17,110] 0
x[17,111] 0
x[17,112] 0
x[17,113] 0
x[17,114] 0
x[17,115] 0
x[17,116] 0
x[17,117] 0
x[17,118] 0
x[17,119] 0
x[17,120] 0
x[17,121] 0
x[17,122] 0
x[17,123] 0
x[17,124] 0
x[17,125] 0
x[17,126] 0
x[17,127] 0
x[17,128] 0
x[17,129] 0
x[17,130] 0
x[17,131] 0
x[17,132] 0
x[17,133] 0
x[17,134] 0
x[17,135] 0
x[17,136] 0
x[17,137] 0
x[17,138] 0
x[17,139] 0
x[17,140] 0
x[17,141] 0
x[17,142] 0
x[17,143] 0
x[17,144] 0
x[17,145] 0
x[17,146] 0
x[17,147] 0
x[17,148] 0
x[17,149] 0
x[17,150] 0
x[18,1] 0
x[18,2] 0
x[18,3] 0
x[18,4] 0
x[18,5] 0
x[18,6] 0
x[18,7] 0
x[18,8] 0
x[18,9] 0
x[18,10] 0
x[18,11] 0
x[18,12] 0
x[18,13] 0
x[18,14] 0
x[18,15] 0
x[18,16] 0
x[18,17] 0
x[18,18] 0
x[18,19] 0
x[18,20] 0
x[18,21] 0
x[18,22] 0
x[18,23] 0
x[18,24] 0
x[18,25] 0
x[18,26] 0
x[18,27] 0
x[18,28] 0
x[18,29] 0
x[18,30] 0
x[18,31] 0
x[18,32] 0
x[18,33] 0
x[18,34] 0
x[18,35] 0
x[18,36] 0
x[18,37] 0
x[18,38] 1
x[18,39] 0
x[18,40] 0
x[18,41] 0
x[18,42] 0
x[18,43] 1
x[18,44] 0
x[18,45] 0
x[18,46] 0
x[18,47] 0
x[18,48] 0
x[18,49] 0
x[18,50] 0
x[18,51] 0
x[18,52] 0
x[18,53] 0
x[18,54] 0
x[18,55] 0
x[18,56] 0
x[18,57] 0
x[18,58] 0
x[18,59] 0
x[18,60] 0
x[18,61] 0
x[18,62] 0
x[18,63] 1
x[18,64] 0
x[18,65] 0
x[18,66] 0
x[18,67] 0
x[18,68] 0
x[18,69] 0
x[18,70] 0
x[18,71] 0
x[18,72] 0
x[18,73] 0
x[18,74] 0
x[18,75] 0
x[18,76] 0
x[18,77] 0
x[18,78] 0
x[18,79] 0
x[18,80] 0
x[18,81] 0
x[18,82] 0
x[18,83] 0
x[18,84] 1
x[18,85] 0
x[18,86] 0
x[18,87] 0
x[18,88] 0
x[18,89] 0
x[18,90] 0
x[18,91] 1
x[18,92] 1
x[18,93] 0
x[18,94] 0
x[18,95] 0
x[18,96] 0
x[18,97] 0
x[18,98] 0
x[18,99] 1
x[18,100] 0
x[18,101] 0
x[18,102] 0
x[18,103] 0
x[18,104] 0
x[18,105] 0
x[18,106] 0
x[18,107] 0
x[18,108] 0
x[18,109] 0
x[18,110] 0
x[18,111] 0
x[18,112] 0
x[18,113] 0
x[18,114] 0
x[18,115] 1
x[18,116] 0
x[18,117] 0
x[18,118] 0
x[18,119] 0
x[18,120] 0
x[18,121] 0
x[18,122] 0
x[18,123] 1
x[18,124] 0
x[18,125] 0
x[18,126] 0
x[18,127] 1
x[18,128] 0
x[18,129] 0
x[18,130] 0
x[18,131] 0
x[18,132] 0
x[18,133] 0
x[18,134] 0
x[18,135] 0
x[18,136] 0
x[18,137] 0
x[18,138] 0
x[18,139] 0
x[18,140] 1
x[18,141] 0
x[18,142] 0
x[18,143] 0
x[18,144] 0
x[18,145] 0
x[18,146] 0
x[18,147] 0
x[18,148] 0
x[18,149] 0
x[18,150] 0
x[19,1] 0
x[19,2] 0
x[19,3] 0
x[19,4] 0
x[19,5] 0
x[19,6] 0
x[19,7] 0
x[19,8] 0
x[19,9] 0
x[19,10] 0
x[19,11] 0
x[19,12] 0
x[19,13] 0
x[19,14] 0
x[19,15] 0
x[19,16] 0
x[19,17] 0
x[19,18] 0
x[19,19] 0
x[19,20] 0
x[19,21] 0
x[19,22] 0
x[19,23] 0
x[19,24] 0
x[19,25] 0
x[19,26] 0
x[19,27] 0
x[19,28] 0
x[19,29] 0
x[19,30] 0
x[19,31] 0
x[19,32] 0
x[19,33] 0
x[19,34] 0
x[19,35] 0
x[19,36] 0
x[19,37] 0
x[19,38] 0
x[19,39] 0
x[19,40] 0
x[19,41] 0
x[19,42] 0
x[19,43] 0
x[19,44] 0
x[19,45] 0
x[19,46] 0
x[19,47] 0
x[19,48] 0
x[19,49] 0
x[19,50] 0
x[19,51] 0
x[19,52] 0
x[19,53] 0
x[19,54] 0
x[19,55] 0
x[19,56] 0
x[19,57] 0
x[19,58] 0
x[19,59] 0
x[19,60] 0
x[19,61] 0
x[19,62] 0
x[19,63] 0
x[19,64] 0
x[19,65] 0
x[19,66] 0
x[19,67] 0
x[19,68] 0
x[19,69] 0
x[19,70] 0
x[19,71] 0
x[19,72] 0
x[19,73] 0
x[19,74] 0
x[19,75] 0
x[19,76] 0
x[19,77] 0
x[19,78] 0
x[19,79] 0
x[19,80] 0
x[19,81] 0
x[19,82] 0
x[19,83] 0
x[19,84] 0
x[19,85] 0
x[19,86] 0
x[19,87] 0
x[19,88] 0
x[19,89] 0
x[19,90] 0
x[19,91] 0
x[19,92] 0
x[19,93] 0
x[19,94] 0
x[19,95] 0
x[19,96] 0
x[19,97] 0
x[19,98] 0
x[19,99] 0
x[19,100] 0
x[19,101] 0
x[19,102] 0
x[19,103] 0
x[19,104] 0
x[19,105] 0
x[19,106] 0
x[19,107] 0
x[19,108] 0
x[19,109] 0
x[19,110] 0
x[19,111] 0
x[19,112] 0
x[19,113] 0
x[19,114] 0
x[19,115] 0
x[19,116] 0
x[19,117] 0
x[19,118] 0
x[19,119] 0
x[19,120] 0
x[19,121] 0
x[19,122] 0
x[19,123] 0
x[19,124] 0
x[19,125] 0
x[19,126] 0
x[19,127] 0
x[19,128] 0
x[19,129] 0
x[19,130] 0
x[19,131] 0
x[19,132] 0
x[19,133] 0
x[19,134] 0
x[19,135] 0
x[19,136] 0
x[19,137] 0
x[19,138] 0
x[19,139] 0
x[19,140] 0
x[19,141] 0
x[19,142] 0
x[19,143] 0
x[19,144] 0
x[19,145] 0
x[19,146] 0
x[19,147] 0
x[19,148] 0
x[19,149] 0
x[19,150] 0
x[20,1] 0
x[20,2] 0
x[20,3] 0
x[20,4] 0
x[20,5] 0
x[20,6] 0
x[20,7] 0
x[20,8] 0
x[20,9] 0
x[20,10] 0
x[20,11] 0
x[20,12] 0
x[20,13] 0
x[20,14] 0
x[20,15] 0
x[20,16] 0
x[20,17] 0
x[20,18] 0
x[20,19] 0
x[20,20] 0
x[20,21] 0
x[20,22] 0
x[20,23] 0
x[20,24] 0
x[20,25] 0
x[20,26] 0
x[20,27] 0
x[20,28] 0
x[20,29] 0
x[20,30] 0
x[20,31] 0
x[20,32] 0
x[20,33] 0
x[20,34] 0
x[20,35] 0
x[20,36] 0
x[20,37] 0
x[20,38] 0
x[20,39] 0
x[20,40] 0
x[20,41] 0
x[20,42] 0
x[20,43] 0
x[20,44] 0
x[20,45] 0
x[20,46] 0
x[20,47] 0
x[20,48] 0
x[20,49] 0
x[20,50] 0
x[20,51] 0
x[20,52] 0
x[20,53] 0
x[20,54] 0
x[20,55] 0
x[20,56] 0
x[20,57] 0
x[20,58] 0
x[20,59] 0
x[20,60] 0
x[20,61] 0
x[20,62] 0
x[20,63] 0
x[20,64] 0
x[20,65] 0
x[20,66] 0
x[20,67] 0
x[20,68] 0
x[20,69] 0
x[20,70] 0
x[20,71] 0
x[20,72] 0
x[20,73] 0
x[20,74] 0
x[20,75] 0
x[20,76] 0
x[20,77] 0
x[20,78] 0
x[20,79] 0
x[20,80] 0
x[20,81] 0
x[20,82] 0
x[20,83] 0
x[20,84] 0
x[20,85] 0
x[20,86] 0
x[20,87] 0
x[20,88] 0
x[20,89] 0
x[20,90] 0
x[20,91] 0
x[20,92] 0
x[20,93] 0
x[20,94] 0
x[20,95] 0
x[20,96] 0
x[20,97] 0
x[20,98] 0
x[20,99] 0
x[20,100] 0
x[20,101] 0
x[20,102] 0
x[20,103] 0
x[20,104] 0
x[20,105] 0
x[20,106] 0
x[20,107] 0
x[20,108] 0
x[20,109] 0
x[20,110] 0
x[20,111] 0
x[20,112] 0
x[20,113] 0
x[20,114] 0
x[20,115] 0
x[20,116] 0
x[20,117] 0
x[20,118] 0
x[20,119] 0
x[20,120] 0
x[20,121] 0
x[20,122] 0
x[20,123] 0
x[20,124] 0
x[20,125] 0
x[20,126] 0
x[20,127] 0
x[20,128] 0
x[20,129] 0
x[20,130] 0
x[20,131] 0
x[20,132] 0
x[20,133] 0
x[20,134] 0
x[20,135] 0
x[20,136] 0
x[20,137] 0
x[20,138] 0
x[20,139] 0
x[20,140] 0
x[20,141] 0
x[20,142] 0
x[20,143] 0
x[20,144] 0
x[20,145] 0
x[20,146] 0
x[20,147] 0
x[20,148] 0
x[20,149] 0
x[20,150] 0
x[21,1] 0
x[21,2] 0
x[21,3] 0
x[21,4] 0
x[21,5] 0
x[21,6] 0
x[21,7] 0
x[21,8] 0
x[21,9] 0
x[21,10] 0
x[21,11] 0
x[21,12] 0
x[21,13] 0
x[21,14] 0
x[21,15] 0
x[21,16] 0
x[21,17] 0
x[21,18] 0
x[21,19] 0
x[21,20] 0
x[21,21] 0
x[21,22] 0
x[21,23] 0
x[21,24] 0
x[21,25] 0
x[21,26] 0
x[21,27] 0
x[21,28] 0
x[21,29] 0
x[21,30] 0
x[21,31] 0
x[21,32] 0
x[21,33] 0
x[21,34] 0
x[21,35] 0
x[21,36] 0
x[21,37] 0
x[21,38] 0
x[21,39] 0
x[21,40] 0
x[21,41] 0
x[21,42] 0
x[21,43] 0
x[21,44] 0
x[21,45] 0
x[21,46] 0
x[21,47] 0
x[21,48] 0
x[21,49] 0
x[21,50] 0
x[21,51] 0
x[21,52] 0
x[21,53] 0
x[21,54] 0
x[21,55] 0
x[21,56] 0
x[21,57] 0
x[21,58] 0
x[21,59] 0
x[21,60] 0
x[21,61] 0
x[21,62] 0
x[21,63] 0
x[21,64] 0
x[21,65] 0
x[21,66] 0
x[21,67] 0
x[21,68] 0
x[21,69] 0
x[21,70] 0
x[21,71] 0
x[21,72] 0
x[21,73] 0
x[21,74] 0
x[21,75] 0
x[21,76] 0
x[21,77] 0
x[21,78] 0
x[21,79] 0
x[21,80] 0
x[21,81] 0
x[21,82] 0
x[21,83] 0
x[21,84] 0
x[21,85] 0
x[21,86] 0
x[21,87] 0
x[21,88] 0
x[21,89] 0
x[21,90] 0
x[21,91] 0
x[21,92] 0
x[21,93] 0
x[21,94] 0
x[21,95] 0
x[21,96] 0
x[21,97] 0
x[21,98] 0
x[21,99] 0
x[21,100] 0
x[21,101] 0
x[21,102] 0
x[21,103] 0
x[21,104] 0
x[21,105] 0
x[21,106] 0
x[21,107] 0
x[21,108] 0
x[21,109] 0
x[21,110] 0
x[21,111] 0
x[21,112] 0
x[21,113] 0
x[21,114] 0
x[21,115] 0
x[21,116] 0
x[21,117] 0
x[21,118] 0
x[21,119] 0
x[21,120] 0
x[21,121] 0
x[21,122] 0
x[21,123] 0
x[21,124] 0
x[21,125] 0
x[21,126] 0
x[21,127] 0
x[21,128] 0
x[21,129] 0
x[21,130] 0
x[21,131] 0
x[21,132] 0
x[21,133] 0
x[21,134] 0
x[21,135] 0
x[21,136] 0
x[21,137] 0
x[21,138] 0
x[21,139] 0
x[21,140] 0
x[21,141] 0
x[21,142] 0
x[21,143] 0
x[21,144] 0
x[21,145] 0
x[21,146] 0
x[21,147] 0
x[21,148] 0
x[21,149] 0
x[21,150] 0
x[22,1] 0
x[22,2] 0
x[22,3] 0
x[22,4] 0
x[22,5] 0
x[22,6] 0
x[22,7] 0
x[22,8] 0
x[22,9] 0
x[22,10] 0
x[22,11] 1
x[22,12] 0
x[22,13] 0
x[22,14] 0
x[22,15] 0
x[22,16] 0
x[22,17] 0
x[22,18] 0
x[22,19] 0
x[22,20] 0
x[22,21] 0
x[22,22] 0
x[22,23] 1
x[22,24] 0
x[22,25] 1
x[22,26] 0
x[22,27] 0
x[22,28] 0
x[22,29] 0
x[22,30] 1
x[22,31] 0
x[22,32] 0
x[22,33] 0
x[22,34] 0
x[22,35] 0
x[22,36] 0
x[22,37] 0
x[22,38] 0
x[22,39] 0
x[22,40] 0
x[22,41] 0
x[22,42] 0
x[22,43] 0
x[22,44] 0
x[22,45] 0
x[22,46] 0
x[22,47] 0
x[22,48] 1
x[22,49] 0
x[22,50] 0
x[22,51] 0
x[22,52] 0
x[22,53] 0
x[22,54] 0
x[22,55] 0
x[22,56] 0
x[22,57] 0
x[22,58] 1
x[22,59] 1
x[22,60] 0
x[22,61] 0
x[22,62] 0
x[22,63] 0
x[22,64] 0
x[22,65] 0
x[22,66] 0
x[22,67] 0
x[22,68] 0
x[22,69] 1
x[22,70] 1
x[22,71] 0
x[22,72] 0
x[22,73] 0
x[22,74] 0
x[22,75] 0
x[22,76] 0
x[22,77] 0
x[22,78] 0
x[22,79] 1
x[22,80] 0
x[22,81] 0
x[22,82] 0
x[22,83] 0
x[22,84] 0
x[22,85] 0
x[22,86] 0
x[22,87] 0
x[22,88] 0
x[22,89] 0
x[22,90] 0
x[22,91] 0
x[22,92] 0
x[22,93] 0
x[22,94] 0
x[22,95] 0
x[22,96] 0
x[22,97] 0
x[22,98] 0
x[22,99] 0
x[22,100] 0
x[22,101] 0
x[22,102] 0
x[22,103] 0
x[22,104] 0
x[22,105] 0
x[22,106] 0
x[22,107] 0
x[22,108] 0
x[22,109] 0
x[22,110] 0
x[22,111] 0
x[22,112] 0
x[22,113] 0
x[22,114] 0
x[22,115] 0
x[22,116] 1
x[22,117] 0
x[22,118] 0
x[22,119] 0
x[22,120] 0
x[22,121] 0
x[22,122] 0
x[22,123] 0
x[22,124] 0
x[22,125] 0
x[22,126] 0
x[22,127] 0
x[22,128] 0
x[22,129] 0
x[22,130] 0
x[22,131] 0
x[22,132] 0
x[22,133] 0
x[22,134] 0
x[22,135] 0
x[22,136] 0
x[22,137] 0
x[22,138] 0
x[22,139] 0
x[22,140] 0
x[22,141] 0
x[22,142] 0
x[22,143] 0
x[22,144] 0
x[22,145] 0
x[22,146] 0
x[22,147] 0
x[22,148] 0
x[22,149] 0
x[22,150] 0
x[23,1] 0
x[23,2] 0
x[23,3] 0
x[23,4] 0
x[23,5] 0
x[23,6] 0
x[23,7] 0
x[23,8] 0
x[23,9] 0
x[23,10] 0
x[23,11] 0
x[23,12] 0
x[23,13] 0
x[23,14] 0
x[23,15] 0
x[23,16] 0
x[23,17] 0
x[23,18] 0
x[23,19] 0
x[23,20] 0
x[23,21] 0
x[23,22] 0
x[23,23] 0
x[23,24] 0
x[23,25] 0
x[23,26] 0
x[23,27] 0
x[23,28] 0
x[23,29] 0
x[23,30] 0
x[23,31] 0
x[23,32] 0
x[23,33] 0
x[23,34] 0
x[23,35] 0
x[23,36] 0
x[23,37] 0
x[23,38] 0
x[23,39] 0
x[23,40] 0
x[23,41] 0
x[23,42] 0
x[23,43] 0
x[23,44] 0
x[23,45] 0
x[23,46] 0
x[23,47] 0
x[23,48] 0
x[23,49] 0
x[23,50] 0
x[23,51] 0
x[23,52] 0
x[23,53] 0
x[23,54] 0
x[23,55] 0
x[23,56] 0
x[23,57] 0
x[23,58] 0
x[23,59] 0
x[23,60] 0
x[23,61] 0
x[23,62] 0
x[23,63] 0
x[23,64] 0
x[23,65] 0
x[23,66] 0
x[23,67] 0
x[23,68] 0
x[23,69] 0
x[23,70] 0
x[23,71] 0
x[23,72] 0
x[23,73] 0
x[23,74] 0
x[23,75] 0
x[23,76] 0
x[23,77] 0
x[23,78] 0
x[23,79] 0
x[23,80] 0
x[23,81] 0
x[23,82] 0
x[23,83] 0
x[23,84] 0
x[23,85] 0
x[23,86] 0
x[23,87] 0
x[23,88] 0
x[23,89] 0
x[23,90] 0
x[23,91] 0
x[23,92] 0
x[23,93] 0
x[23,94] 0
x[23,95] 0
x[23,96] 0
x[23,97] 0
x[23,98] 0
x[23,99] 0
x[23,100] 0
x[23,101] 0
x[23,102] 0
x[23,103] 0
x[23,104] 0
x[23,105] 0
x[23,106] 0
x[23,107] 0
x[23,108] 0
x[23,109] 0
x[23,110] 0
x[23,111] 0
x[23,112] 0
x[23,113] 0
x[23,114] 0
x[23,115] 0
x[23,116] 0
x[23,117] 0
x[23,118] 0
x[23,119] 0
x[23,120] 0
x[23,121] 0
x[23,122] 0
x[23,123] 0
x[23,124] 0
x[23,125] 0
x[23,126] 0
x[23,127] 0
x[23,128] 0
x[23,129] 0
x[23,130] 0
x[23,131] 0
x[23,132] 0
x[23,133] 0
x[23,134] 0
x[23,135] 0
x[23,136] 0
x[23,137] 0
x[23,138] 0
x[23,139] 0
x[23,140] 0
x[23,141] 0
x[23,142] 0
x[23,143] 0
x[23,144] 0
x[23,145] 0
x[23,146] 0
x[23,147] 0
x[23,148] 0
x[23,149] 0
x[23,150] 0
x[24,1] 0
x[24,2] 0
x[24,3] 0
x[24,4] 0
x[24,5] 0
x[24,6] 0
x[24,7] 0
x[24,8] 0
x[24,9] 0
x[24,10] 0
x[24,11] 0
x[24,12] 0
x[24,13] 0
x[24,14] 0
x[24,15] 0
x[24,16] 0
x[24,17] 0
x[24,18] 0
x[24,19] 0
x[24,20] 0
x[24,21] 0
x[24,22] 0
x[24,23] 0
x[24,24] 0
x[24,25] 0
x[24,26] 0
x[24,27] 0
x[24,28] 0
x[24,29] 0
x[24,30] 0
x[24,31] 0
x[24,32] 0
x[24,33] 0
x[24,34] 0
x[24,35] 0
x[24,36] 0
x[24,37] 0
x[24,38] 0
x[24,39] 0
x[24,40] 0
x[24,41] 0
x[24,42] 0
x[24,43] 0
x[24,44] 0
x[24,45] 0
x[24,46] 0
x[24,47] 0
x[24,48] 0
x[24,49] 0
x[24,50] 0
x[24,51] 0
x[24,52] 0
x[24,53] 0
x[24,54] 0
x[24,55] 0
x[24,56] 0
x[24,57] 0
x[24,58] 0
x[24,59] 0
x[24,60] 0
x[24,61] 0
x[24,62] 0
x[24,63] 0
x[24,64] 0
x[24,65] 0
x[24,66] 0
x[24,67] 0
x[24,68] 0
x[24,69] 0
x[24,70] 0
x[24,71] 0
x[24,72] 0
x[24,73] 0
x[24,74] 0
x[24,75] 0
x[24,76] 0
x[24,77] 0
x[24,78] 0
x[24,79] 0
x[24,80] 0
x[24,81] 0
x[24,82] 0
x[24,83] 0
x[24,84] 0
x[24,85] 0
x[24,86] 0
x[24,87] 0
x[24,88] 0
x[24,89] 0
x[24,90] 0
x[24,91] 0
x[24,92] 0
x[24,93] 0
x[24,94] 0
x[24,95] 0
x[24,96] 0
x[24,97] 0
x[24,98] 0
x[24,99] 0
x[24,100] 0
x[24,101] 0
x[24,102] 0
x[24,103] 0
x[24,104] 0
x[24,105] 0
x[24,106] 0
x[24,107] 0
x[24,108] 0
x[24,109] 0
x[24,110] 0
x[24,111] 0
x[24,112] 0
x[24,113] 0
x[24,114] 0
x[24,115] 0
x[24,116] 0
x[24,117] 0
x[24,118] 0
x[24,119] 0
x[24,120] 0
x[24,121] 0
x[24,122] 0
x[24,123] 0
x[24,124] 0
x[24,125] 0
x[24,126] 0
x[24,127] 0
x[24,128] 0
x[24,129] 0
x[24,130] 0
x[24,131] 0
x[24,132] 0
x[24,133] 0
x[24,134] 0
x[24,135] 0
x[24,136] 0
x[24,137] 0
x[24,138] 0
x[24,139] 0
x[24,140] 0
x[24,141] 0
x[24,142] 0
x[24,143] 0
x[24,144] 0
x[24,145] 0
x[24,146] 0
x[24,147] 0
x[24,148] 0
x[24,149] 0
x[24,150] 0
x[25,1] 0
x[25,2] 0
x[25,3] 0
x[25,4] 0
x[25,5] 0
x[25,6] 0
x[25,7] 0
x[25,8] 0
x[25,9] 0
x[25,10] 0
x[25,11] 0
x[25,12] 0
x[25,13] 0
x[25,14] 0
x[25,15] 0
x[25,16] 0
x[25,17] 0
x[25,18] 0
x[25,19] 0
x[25,20] 0
x[25,21] 0
x[25,22] 0
x[25,23] 0
x[25,24] 0
x[25,25] 0
x[25,26] 0
x[25,27] 0
x[25,28] 0
x[25,29] 0
x[25,30] 0
x[25,31] 0
x[25,32] 0
x[25,33] 0
x[25,34] 0
x[25,35] 0
x[25,36] 0
x[25,37] 0
x[25,38] 0
x[25,39] 0
x[25,40] 0
x[25,41] 0
x[25,42] 0
x[25,43] 0
x[25,44] 0
x[25,45] 0
x[25,46] 0
x[25,47] 0
x[25,48] 0
x[25,49] 0
x[25,50] 0
x[25,51] 0
x[25,52] 0
x[25,53] 0
x[25,54] 0
x[25,55] 0
x[25,56] 0
x[25,57] 0
x[25,58] 0
x[25,59] 0
x[25,60] 0
x[25,61] 0
x[25,62] 0
x[25,63] 0
x[25,64] 0
x[25,65] 0
x[25,66] 0
x[25,67] 0
x[25,68] 0
x[25,69] 0
x[25,70] 0
x[25,71] 0
x[25,72] 0
x[25,73] 0
x[25,74] 0
x[25,75] 0
x[25,76] 0
x[25,77] 0
x[25,78] 0
x[25,79] 0
x[25,80] 0
x[25,81] 0
x[25,82] 0
x[25,83] 0
x[25,84] 0
x[25,85] 0
x[25,86] 0
x[25,87] 0
x[25,88] 0
x[25,89] 0
x[25,90] 0
x[25,91] 0
x[25,92] 0
x[25,93] 0
x[25,94] 0
x[25,95] 0
x[25,96] 0
x[25,97] 0
x[25,98] 0
x[25,99] 0
x[25,100] 0
x[25,101] 0
x[25,102] 0
x[25,103] 0
x[25,104] 0
x[25,105] 0
x[25,106] 0
x[25,107] 0
x[25,108] 0
x[25,109] 0
x[25,110] 0
x[25,111] 0
x[25,112] 0
x[25,113] 0
x[25,114] 0
x[25,115] 0
x[25,116] 0
x[25,117] 0
x[25,118] 0
x[25,119] 0
x[25,120] 0
x[25,121] 0
x[25,122] 0
x[25,123] 0
x[25,124] 0
x[25,125] 0
x[25,126] 0
x[25,127] 0
x[25,128] 0
x[25,129] 0
x[25,130] 0
x[25,131] 0
x[25,132] 0
x[25,133] 0
x[25,134] 0
x[25,135] 0
x[25,136] 0
x[25,137] 0
x[25,138] 0
x[25,139] 0
x[25,140] 0
x[25,141] 0
x[25,142] 0
x[25,143] 0
x[25,144] 0
x[25,145] 0
x[25,146] 0
x[25,147] 0
x[25,148] 0
x[25,149] 0
x[25,150] 0
x[26,1] 0
x[26,2] 0
x[26,3] 0
x[26,4] 0
x[26,5] 0
x[26,6] 0
x[26,7] 0
x[26,8] 0
x[26,9] 0
x[26,10] 0
x[26,11] 0
x[26,12] 0
x[26,13] 0
x[26,14] 0
x[26,15] 0
x[26,16] 0
x[26,17] 0
x[26,18] 0
x[26,19] 0
x[26,20] 0
x[26,21] 0
x[26,22] 0
x[26,23] 0
x[26,24] 0
x[26,25] 0
x[26,26] 0
x[26,27] 0
x[26,28] 0
x[26,29] 0
x[26,30] 0
x[26,31] 0
x[26,32] 0
x[26,33] 0
x[26,34] 0
x[26,35] 0
x[26,36] 0
x[26,37] 0
x[26,38] 0
x[26,39] 0
x[26,40] 0
x[26,41] 0
x[26,42] 0
x[26,43] 0
x[26,44] 0
x[26,45] 0
x[26,46] 0
x[26,47] 0
x[26,48] 0
x[26,49] 0
x[26,50] 0
x[26,51] 0
x[26,52] 0
x[26,53] 0
x[26,54] 0
x[26,55] 0
x[26,56] 0
x[26,57] 0
x[26,58] 0
x[26,59] 0
x[26,60] 0
x[26,61] 0
x[26,62] 0
x[26,63] 0
x[26,64] 0
x[26,65] 0
x[26,66] 0
x[26,67] 0
x[26,68] 0
x[26,69] 0
x[26,70] 0
x[26,71] 0
x[26,72] 0
x[26,73] 0
x[26,74] 0
x[26,75] 0
x[26,76] 0
x[26,77] 0
x[26,78] 0
x[26,79] 0
x[26,80] 0
x[26,81] 0
x[26,82] 0
x[26,83] 0
x[26,84] 0
x[26,85] 0
x[26,86] 0
x[26,87] 0
x[26,88] 0
x[26,89] 0
x[26,90] 0
x[26,91] 0
x[26,92] 0
x[26,93] 0
x[26,94] 0
x[26,95] 0
x[26,96] 0
x[26,97] 0
x[26,98] 0
x[26,99] 0
x[26,100] 0
x[26,101] 0
x[26,102] 0
x[26,103] 0
x[26,104] 0
x[26,105] 0
x[26,106] 0
x[26,107] 0
x[26,108] 0
x[26,109] 0
x[26,110] 0
x[26,111] 0
x[26,112] 0
x[26,113] 0
x[26,114] 0
x[26,115] 0
x[26,116] 0
x[26,117] 0
x[26,118] 0
x[26,119] 0
x[26,120] 0
x[26,121] 0
x[26,122] 0
x[26,123] 0
x[26,124] 0
x[26,125] 0
x[26,126] 0
x[26,127] 0
x[26,128] 0
x[26,129] 0
x[26,130] 0
x[26,131] 0
x[26,132] 0
x[26,133] 0
x[26,134] 0
x[26,135] 0
x[26,136] 0
x[26,137] 0
x[26,138] 0
x[26,139] 0
x[26,140] 0
x[26,141] 0
x[26,142] 0
x[26,143] 0
x[26,144] 0
x[26,145] 0
x[26,146] 0
x[26,147] 0
x[26,148] 0
x[26,149] 0
x[26,150] 0
x[27,1] 0
x[27,2] 0
x[27,3] 0
x[27,4] 0
x[27,5] 0
x[27,6] 0
x[27,7] 0
x[27,8] 0
x[27,9] 0
x[27,10] 0
x[27,11] 0
x[27,12] 0
x[27,13] 0
x[27,14] 0
x[27,15] 0
x[27,16] 0
x[27,17] 0
x[27,18] 0
x[27,19] 0
x[27,20] 0
x[27,21] 0
x[27,22] 0
x[27,23] 0
x[27,24] 0
x[27,25] 0
x[27,26] 0
x[27,27] 0
x[27,28] 0
x[27,29] 0
x[27,30] 0
x[27,31] 0
x[27,32] 0
x[27,33] 0
x[27,34] 0
x[27,35] 0
x[27,36] 0
x[27,37] 0
x[27,38] 0
x[27,39] 0
x[27,40] 0
x[27,41] 0
x[27,42] 0
x[27,43] 0
x[27,44] 0
x[27,45] 0
x[27,46] 0
x[27,47] 0
x[27,48] 0
x[27,49] 0
x[27,50] 0
x[27,51] 0
x[27,52] 0
x[27,53] 0
x[27,54] 0
x[27,55] 0
x[27,56] 0
x[27,57] 0
x[27,58] 0
x[27,59] 0
x[27,60] 0
x[27,61] 0
x[27,62] 0
x[27,63] 0
x[27,64] 0
x[27,65] 0
x[27,66] 0
x[27,67] 0
x[27,68] 0
x[27,69] 0
x[27,70] 0
x[27,71] 0
x[27,72] 0
x[27,73] 0
x[27,74] 0
x[27,75] 0
x[27,76] 0
x[27,77] 0
x[27,78] 0
x[27,79] 0
x[27,80] 0
x[27,81] 0
x[27,82] 0
x[27,83] 0
x[27,84] 0
x[27,85] 0
x[27,86] 0
x[27,87] 0
x[27,88] 0
x[27,89] 0
x[27,90] 0
x[27,91] 0
x[27,92] 0
x[27,93] 0
x[27,94] 0
x[27,95] 0
x[27,96] 0
x[27,97] 0
x[27,98] 0
x[27,99] 0
x[27,100] 0
x[27,101] 0
x[27,102] 0
x[27,103] 0
x[27,104] 0
x[27,105] 0
x[27,106] 0
x[27,107] 0
x[27,108] 0
x[27,109] 0
x[27,110] 0
x[27,111] 0
x[27,112] 0
x[27,113] 0
x[27,114] 0
x[27,115] 0
x[27,116] 0
x[27,117] 0
x[27,118] 0
x[27,119] 0
x[27,120] 0
x[27,121] 0
x[27,122] 0
x[27,123] 0
x[27,124] 0
x[27,125] 0
x[27,126] 0
x[27,127] 0
x[27,128] 0
x[27,129] 0
x[27,130] 0
x[27,131] 0
x[27,132] 0
x[27,133] 0
x[27,134] 0
x[27,135] 0
x[27,136] 0
x[27,137] 0
x[27,138] 0
x[27,139] 0
x[27,140] 0
x[27,141] 0
x[27,142] 0
x[27,143] 0
x[27,144] 0
x[27,145] 0
x[27,146] 0
x[27,147] 0
x[27,148] 0
x[27,149] 0
x[27,150] 0
x[28,1] 0
x[28,2] 0
x[28,3] 0
x[28,4] 0
x[28,5] 0
x[28,6] 0
x[28,7] 0
x[28,8] 0
x[28,9] 0
x[28,10] 0
x[28,11] 0
x[28,12] 0
x[28,13] 0
x[28,14] 0
x[28,15] 0
x[28,16] 0
x[28,17] 0
x[28,18] 0
x[28,19] 0
x[28,20] 0
x[28,21] 0
x[28,22] 0
x[28,23] 0
x[28,24] 0
x[28,25] 0
x[28,26] 0
x[28,27] 0
x[28,28] 0
x[28,29] 0
x[28,30] 0
x[28,31] 0
x[28,32] 0
x[28,33] 0
x[28,34] 0
x[28,35] 0
x[28,36] 0
x[28,37] 0
x[28,38] 0
x[28,39] 0
x[28,40] 0
x[28,41] 0
x[28,42] 0
x[28,43] 0
x[28,44] 0
x[28,45] 0
x[28,46] 0
x[28,47] 0
x[28,48] 0
x[28,49] 0
x[28,50] 0
x[28,51] 0
x[28,52] 0
x[28,53] 0
x[28,54] 0
x[28,55] 0
x[28,56] 0
x[28,57] 0
x[28,58] 0
x[28,59] 0
x[28,60] 0
x[28,61] 0
x[28,62] 0
x[28,63] 0
x[28,64] 0
x[28,65] 0
x[28,66] 0
x[28,67] 0
x[28,68] 0
x[28,69] 0
x[28,70] 0
x[28,71] 0
x[28,72] 0
x[28,73] 0
x[28,74] 0
x[28,75] 0
x[28,76] 0
x[28,77] 0
x[28,78] 0
x[28,79] 0
x[28,80] 0
x[28,81] 0
x[28,82] 0
x[28,83] 0
x[28,84] 0
x[28,85] 0
x[28,86] 0
x[28,87] 0
x[28,88] 0
x[28,89] 0
x[28,90] 0
x[28,91] 0
x[28,92] 0
x[28,93] 0
x[28,94] 0
x[28,95] 0
x[28,96] 0
x[28,97] 0
x[28,98] 0
x[28,99] 0
x[28,100] 0
x[28,101] 0
x[28,102] 0
x[28,103] 0
x[28,104] 0
x[28,105] 0
x[28,106] 0
x[28,107] 0
x[28,108] 0
x[28,109] 0
x[28,110] 0
x[28,111] 0
x[28,112] 0
x[28,113] 0
x[28,114] 0
x[28,115] 0
x[28,116] 0
x[28,117] 0
x[28,118] 0
x[28,119] 0
x[28,120] 0
x[28,121] 0
x[28,122] 0
x[28,123] 0
x[28,124] 0
x[28,125] 0
x[28,126] 0
x[28,127] 0
x[28,128] 0
x[28,129] 0
x[28,130] 0
x[28,131] 0
x[28,132] 0
x[28,133] 0
x[28,134] 0
x[28,135] 0
x[28,136] 0
x[28,137] 0
x[28,138] 0
x[28,139] 0
x[28,140] 0
x[28,141] 0
x[28,142] 0
x[28,143] 0
x[28,144] 0
x[28,145] 0
x[28,146] 0
x[28,147] 0
x[28,148] 0
x[28,149] 0
x[28,150] 0
x[29,1] 0
x[29,2] 0
x[29,3] 0
x[29,4] 0
x[29,5] 0
x[29,6] 0
x[29,7] 0
x[29,8] 0
x[29,9] 0
x[29,10] 0
x[29,11] 0
x[29,12] 0
x[29,13] 0
x[29,14] 0
x[29,15] 0
x[29,16] 0
x[29,17] 0
x[29,18] 0
x[29,19] 0
x[29,20] 0
x[29,21] 0
x[29,22] 0
x[29,23] 0
x[29,24] 0
x[29,25] 0
x[29,26] 0
x[29,27] 0
x[29,28] 0
x[29,29] 0
x[29,30] 0
x[29,31] 0
x[29,32] 0
x[29,33] 0
x[29,34] 0
x[29,35] 0
x[29,36] 0
x[29,37] 0
x[29,38] 0
x[29,39] 0
x[29,40] 0
x[29,41] 0
x[29,42] 0
x[29,43] 0
x[29,44] 0
x[29,45] 0
x[29,46] 0
x[29,47] 0
x[29,48] 0
x[29,49] 0
x[29,50] 0
x[29,51] 0
x[29,52] 0
x[29,53] 0
x[29,54] 0
x[29,55] 0
x[29,56] 0
x[29,57] 0
x[29,58] 0
x[29,59] 0
x[29,60] 0
x[29,61] 0
x[29,62] 0
x[29,63] 0
x[29,64] 0
x[29,65] 0
x[29,66] 0
x[29,67] 0
x[29,68] 0
x[29,69] 0
x[29,70] 0
x[29,71] 0
x[29,72] 0
x[29,73] 0
x[29,74] 0
x[29,75] 0
x[29,76] 0
x[29,77] 0
x[29,78] 0
x[29,79] 0
x[29,80] 0
x[29,81] 0
x[29,82] 0
x[29,83] 0
x[29,84] 0
x[29,85] 0
x[29,86] 0
x[29,87] 0
x[29,88] 0
x[29,89] 0
x[29,90] 0
x[29,91] 0
x[29,92] 0
x[29,93] 0
x[29,94] 0
x[29,95] 0
x[29,96] 0
x[29,97] 0
x[29,98] 0
x[29,99] 0
x[29,100] 0
x[29,101] 0
x[29,102] 0
x[29,103] 0
x[29,104] 0
x[29,105] 0
x[29,106] 0
x[29,107] 0
x[29,108] 0
x[29,109] 0
x[29,110] 0
x[29,111] 0
x[29,112] 0
x[29,113] 0
x[29,114] 0
x[29,115] 0
x[29,116] 0
x[29,117] 0
x[29,118] 0
x[29,119] 0
x[29,120] 0
x[29,121] 0
x[29,122] 0
x[29,123] 0
x[29,124] 0
x[29,125] 0
x[29,126] 0
x[29,127] 0
x[29,128] 0
x[29,129] 0
x[29,130] 0
x[29,131] 0
x[29,132] 0
x[29,133] 0
x[29,134] 0
x[29,135] 0
x[29,136] 0
x[29,137] 0
x[29,138] 0
x[29,139] 0
x[29,140] 0
x[29,141] 0
x[29,142] 0
x[29,143] 0
x[29,144] 0
x[29,145] 0
x[29,146] 0
x[29,147] 0
x[29,148] 0
x[29,149] 0
x[29,150] 0
x[30,1] 0
x[30,2] 0
x[30,3] 0
x[30,4] 0
x[30,5] 0
x[30,6] 0
x[30,7] 0
x[30,8] 0
x[30,9] 0
x[30,10] 0
x[30,11] 0
x[30,12] 0
x[30,13] 0
x[30,14] 0
x[30,15] 0
x[30,16] 0
x[30,17] 0
x[30,18] 0
x[30,19] 0
x[30,20] 0
x[30,21] 0
x[30,22] 0
x[30,23] 0
x[30,24] 0
x[30,25] 0
x[30,26] 0
x[30,27] 0
x[30,28] 0
x[30,29] 0
x[30,30] 0
x[30,31] 0
x[30,32] 0
x[30,33] 0
x[30,34] 0
x[30,35] 0
x[30,36] 0
x[30,37] 0
x[30,38] 0
x[30,39] 0
x[30,40] 0
x[30,41] 0
x[30,42] 0
x[30,43] 0
x[30,44] 0
x[30,45] 0
x[30,46] 0
x[30,47] 0
x[30,48] 0
x[30,49] 0
x[30,50] 0
x[30,51] 0
x[30,52] 0
x[30,53] 0
x[30,54] 0
x[30,55] 0
x[30,56] 0
x[30,57] 0
x[30,58] 0
x[30,59] 0
x[30,60] 0
x[30,61] 0
x[30,62] 0
x[30,63] 0
x[30,64] 0
x[30,65] 0
x[30,66] 0
x[30,67] 0
x[30,68] 0
x[30,69] 0
x[30,70] 0
x[30,71] 0
x[30,72] 0
x[30,73] 0
x[30,74] 0
x[30,75] 0
x[30,76] 0
x[30,77] 0
x[30,78] 0
x[30,79] 0
x[30,80] 0
x[30,81] 0
x[30,82] 0
x[30,83] 0
x[30,84] 0
x[30,85] 0
x[30,86] 0
x[30,87] 0
x[30,88] 0
x[30,89] 0
x[30,90] 0
x[30,91] 0
x[30,92] 0
x[30,93] 0
x[30,94] 0
x[30,95] 0
x[30,96] 0
x[30,97] 0
x[30,98] 0
x[30,99] 0
x[30,100] 0
x[30,101] 0
x[30,102] 0
x[30,103] 0
x[30,104] 0
x[30,105] 0
x[30,106] 0
x[30,107] 0
x[30,108] 0
x[30,109] 0
x[30,110] 0
x[30,111] 0
x[30,112] 0
x[30,113] 0
x[30,114] 0
x[30,115] 0
x[30,116] 0
x[30,117] 0
x[30,118] 0
x[30,119] 0
x[30,120] 0
x[30,121] 0
x[30,122] 0
x[30,123] 0
x[30,124] 0
x[30,125] 0
x[30,126] 0
x[30,127] 0
x[30,128] 0
x[30,129] 0
x[30,130] 0
x[30,131] 0
x[30,132] 0
x[30,133] 0
x[30,134] 0
x[30,135] 0
x[30,136] 0
x[30,137] 0
x[30,138] 0
x[30,139] 0
x[30,140] 0
x[30,141] 0
x[30,142] 0
x[30,143] 0
x[30,144] 0
x[30,145] 0
x[30,146] 0
x[30,147] 0
x[30,148] 0
x[30,149] 0
x[30,150] 0
u[1] 1
u[2] 0
u[3] 1
u[4] 0
u[5] 0
u[6] 0
u[7] 0
u[8] 1
u[9] 1
u[10] 0
u[11] 0
u[12] 1
u[13] 0
u[14] 0
u[15] 1
u[16] 0
u[17] 0
u[18] 1
u[19] 0
u[20] 0
u[21] 0
u[22] 1
u[23] 0
u[24] 0
u[25] 0
u[26] 0
u[27] 0
u[28] 0
u[29] 0
u[30] 0
v[1,1] 0
v[1,2] 0
v[1,3] 0
v[1,4] 0
v[1,5] 0
v[1,6] 0
v[1,7] 0
v[1,8] 0
v[1,9] 1
v[1,10] 0
v[1,11] 0
v[1,12] 1
v[1,13] 0
v[1,14] 0
v[1,15] 0
v[1,16] 0
v[1,17] 0
v[1,18] 0
v[1,19] 0
v[1,20] 0
v[1,21] 0
v[1,22] 0
v[1,23] 0
v[1,24] 0
v[1,25] 0
v[1,26] 0
v[1,27] 0
v[1,28] 0
v[1,29] 0
v[1,30] 0
v[2,1] 1
v[2,2] 0
v[2,3] 1
v[2,4] 1
v[2,5] 0
v[2,6] 1
v[2,7] 1
v[2,8] 1
v[2,9] 1
v[2,10] 0
v[2,11] 1
v[2,12] 1
v[2,13] 1
v[2,14] 1
v[2,15] 1
v[2,16] 1
v[2,17] 1
v[2,18] 1
v[2,19] 0
v[2,20] 0
v[2,21] 1
v[2,22] 1
v[2,23] 1
v[2,24] 1
v[2,25] 0
v[2,26] 0
v[2,27] 1
v[2,28] 0
v[2,29] 1
v[2,30] 0
v[3,1] 1
v[3,2] 0
v[3,3] 0
v[3,4] 1
v[3,5] 0
v[3,6] 0
v[3,7] 0
v[3,8] 1
v[3,9] 1
v[3,10] 0
v[3,11] 0
v[3,12] 1
v[3,13] 0
v[3,14] 0
v[3,15] 1
v[3,16] 0
v[3,17] 0
v[3,18] 1
v[3,19] 0
v[3,20] 0
v[3,21] 0
v[3,22] 0
v[3,23] 0
v[3,24] 0
v[3,25] 0
v[3,26] 0
v[3,27] 0
v[3,28] 0
v[3,29] 0
v[3,30] 0
v[4,1] 1
v[4,2] 0
v[4,3] 0
v[4,4] 0
v[4,5] 1
v[4,6] 1
v[4,7] 0
v[4,8] 1
v[4,9] 1
v[4,10] 0
v[4,11] 1
v[4,12] 1
v[4,13] 1
v[4,14] 0
v[4,15] 1
v[4,16] 1
v[4,17] 1
v[4,18] 1
v[4,19] 1
v[4,20] 0
v[4,21] 0
v[4,22] 1
v[4,23] 1
v[4,24] 0
v[4,25] 1
v[4,26] 0
v[4,27] 0
v[4,28] 0
v[4,29] 1
v[4,30] 0
v[5,1] 1
v[5,2] 1
v[5,3] 1
v[5,4] 0
v[5,5] 0
v[5,6] 1
v[5,7] 1
v[5,8] 1
v[5,9] 1
v[5,10] 0
v[5,11] 0
v[5,12] 1
v[5,13] 0
v[5,14] 0
v[5,15] 1
v[5,16] 0
v[5,17] 0
v[5,18] 1
v[5,19] 1
v[5,20] 0
v[5,21] 1
v[5,22] 1
v[5,23] 1
v[5,24] 1
v[5,25] 0
v[5,26] 0
v[5,27] 0
v[5,28] 0
v[5,29] 1
v[5,30] 0
v[6,1] 1
v[6,2] 0
v[6,3] 1
v[6,4] 0
v[6,5] 0
v[6,6] 0
v[6,7] 0
v[6,8] 1
v[6,9] 1
v[6,10] 0
v[6,11] 1
v[6,12] 1
v[6,13] 0
v[6,14] 0
v[6,15] 1
v[6,16] 1
v[6,17] 0
v[6,18] 1
v[6,19] 0
v[6,20] 0
v[6,21] 1
v[6,22] 0
v[6,23] 1
v[6,24] 1
v[6,25] 1
v[6,26] 0
v[6,27] 0
v[6,28] 0
v[6,29] 1
v[6,30] 0
v[7,1] 1
v[7,2] 0
v[7,3] 1
v[7,4] 1
v[7,5] 0
v[7,6] 1
v[7,7] 0
v[7,8] 1
v[7,9] 1
v[7,10] 0
v[7,11] 1
v[7,12] 1
v[7,13] 0
v[7,14] 0
v[7,15] 1
v[7,16] 1
v[7,17] 1
v[7,18] 1
v[7,19] 0
v[7,20] 0
v[7,21] 1
v[7,22] 1
v[7,23] 1
v[7,24] 1
v[7,25] 1
v[7,26] 0
v[7,27] 0
v[7,28] 0
v[7,29] 1
v[7,30] 0
v[8,1] 1
v[8,2] 0
v[8,3] 0
v[8,4] 0
v[8,5] 0
v[8,6] 0
v[8,7] 0
v[8,8] 0
v[8,9] 1
v[8,10] 0
v[8,11] 0
v[8,12] 1
v[8,13] 0
v[8,14] 0
v[8,15] 1
v[8,16] 0
v[8,17] 0
v[8,18] 0
v[8,19] 0
v[8,20] 0
v[8,21] 0
v[8,22] 0
v[8,23] 1
v[8,24] 0
v[8,25] 0
v[8,26] 0
v[8,27] 0
v[8,28] 0
v[8,29] 0
v[8,30] 0
v[9,1] 0
v[9,2] 0
v[9,3] 0
v[9,4] 0
v[9,5] 0
v[9,6] 0
v[9,7] 0
v[9,8] 0
v[9,9] 0
v[9,10] 0
v[9,11] 0
v[9,12] 1
v[9,13] 0
v[9,14] 0
v[9,15] 0
v[9,16] 0
v[9,17] 0
v[9,18] 0
v[9,19] 0
v[9,20] 0
v[9,21] 0
v[9,22] 0
v[9,23] 0
v[9,24] 0
v[9,25] 0
v[9,26] 0
v[9,27] 0
v[9,28] 0
v[9,29] 0
v[9,30] 0
v[10,1] 1
v[10,2] 1
v[10,3] 1
v[10,4] 1
v[10,5] 1
v[10,6] 1
v[10,7] 1
v[10,8] 1
v[10,9] 1
v[10,10] 0
v[10,11] 1
v[10,12] 1
v[10,13] 1
v[10,14] 1
v[10,15] 1
v[10,16] 1
v[10,17] 1
v[10,18] 1
v[10,19] 1
v[10,20] 0
v[10,21] 1
v[10,22] 1
v[10,23] 1
v[10,24] 1
v[10,25] 1
v[10,26] 0
v[10,27] 1
v[10,28] 1
v[10,29] 1
v[10,30] 0
v[11,1] 1
v[11,2] 0
v[11,3] 1
v[11,4] 0
v[11,5] 1
v[11,6] 0
v[11,7] 0
v[11,8] 1
v[11,9] 1
v[11,10] 0
v[11,11] 0
v[11,12] 1
v[11,13] 1
v[11,14] 0
v[11,15] 1
v[11,16] 1
v[11,17] 0
v[11,18] 1
v[11,19] 0
v[11,20] 0
v[11,21] 1
v[11,22] 1
v[11,23] 1
v[11,24] 1
v[11,25] 1
v[11,26] 0
v[11,27] 1
v[11,28] 0
v[11,29] 1
v[11,30] 0
v[12,1] 0
v[12,2] 0
v[12,3] 0
v[12,4] 0
v[12,5] 0
v[12,6] 0
v[12,7] 0
v[12,8] 0
v[12,9] 0
v[12,10] 0
v[12,11] 0
v[12,12] 0
v[12,13] 0
v[12,14] 0
v[12,15] 0
v[12,16] 0
v[12,17] 0
v[12,18] 0
v[12,19] 0
v[12,20] 0
v[12,21] 0
v[12,22] 0
v[12,23] 0
v[12,24] 0
v[12,25] 0
v[12,26] 0
v[12,27] 0
v[12,28] 0
v[12,29] 0
v[12,30] 0
v[13,1] 1
v[13,2] 0
v[13,3] 1
v[13,4] 0
v[13,5] 1
v[13,6] 1
v[13,7] 1
v[13,8] 1
v[13,9] 1
v[13,10] 0
v[13,11] 0
v[13,12] 1
v[13,13] 0
v[13,14] 0
v[13,15] 1
v[13,16] 1
v[13,17] 1
v[13,18] 1
v[13,19] 1
v[13,20] 0
v[13,21] 1
v[13,22] 1
v[13,23] 1
v[13,24] 0
v[13,25] 1
v[13,26] 0
v[13,27] 0
v[13,28] 0
v[13,29] 1
v[13,30] 0
v[14,1] 1
v[14,2] 0
v[14,3] 1
v[14,4] 1
v[14,5] 1
v[14,6] 1
v[14,7] 1
v[14,8] 1
v[14,9] 1
v[14,10] 0
v[14,11] 1
v[14,12] 1
v[14,13] 1
v[14,14] 0
v[14,15] 1
v[14,16] 0
v[14,17] 1
v[14,18] 1
v[14,19] 0
v[14,20] 0
v[14,21] 0
v[14,22] 0
v[14,23] 1
v[14,24] 1
v[14,25] 1
v[14,26] 0
v[14,27] 0
v[14,28] 0
v[14,29] 1
v[14,30] 0
v[15,1] 1
v[15,2] 0
v[15,3] 0
v[15,4] 0
v[15,5] 0
v[15,6] 0
v[15,7] 0
v[15,8] 0
v[15,9] 1
v[15,10] 0
v[15,11] 0
v[15,12] 1
v[15,13] 0
v[15,14] 0
v[15,15] 0
v[15,16] 0
v[15,17] 0
v[15,18] 0
v[15,19] 0
v[15,20] 0
v[15,21] 0
v[15,22] 0
v[15,23] 0
v[15,24] 0
v[15,25] 0
v[15,26] 0
v[15,27] 0
v[15,28] 0
v[15,29] 0
v[15,30] 0
v[16,1] 1
v[16,2] 0
v[16,3] 1
v[16,4] 0
v[16,5] 1
v[16,6] 0
v[16,7] 0
v[16,8] 1
v[16,9] 1
v[16,10] 0
v[16,11] 0
v[16,12] 1
v[16,13] 0
v[16,14] 1
v[16,15] 1
v[16,16] 0
v[16,17] 0
v[16,18] 1
v[16,19] 1
v[16,20] 0
v[16,21] 0
v[16,22] 1
v[16,23] 1
v[16,24] 1
v[16,25] 1
v[16,26] 0
v[16,27] 0
v[16,28] 0
v[16,29] 1
v[16,30] 0
v[17,1] 1
v[17,2] 0
v[17,3] 1
v[17,4] 0
v[17,5] 1
v[17,6] 1
v[17,7] 0
v[17,8] 1
v[17,9] 1
v[17,10] 0
v[17,11] 1
v[17,12] 1
v[17,13] 0
v[17,14] 0
v[17,15] 1
v[17,16] 1
v[17,17] 0
v[17,18] 1
v[17,19] 0
v[17,20] 0
v[17,21] 0
v[17,22] 1
v[17,23] 0
v[17,24] 1
v[17,25] 0
v[17,26] 0
v[17,27] 0
v[17,28] 0
v[17,29] 1
v[17,30] 0
v[18,1] 1
v[18,2] 0
v[18,3] 0
v[18,4] 0
v[18,5] 0
v[18,6] 0
v[18,7] 0
v[18,8] 1
v[18,9] 1
v[18,10] 0
v[18,11] 0
v[18,12] 1
v[18,13] 0
v[18,14] 0
v[18,15] 1
v[18,16] 0
v[18,17] 0
v[18,18] 0
v[18,19] 1
v[18,20] 0
v[18,21] 0
v[18,22] 1
v[18,23] 0
v[18,24] 1
v[18,25] 0
v[18,26] 0
v[18,27] 0
v[18,28] 0
v[18,29] 0
v[18,30] 0
v[19,1] 1
v[19,2] 1
v[19,3] 1
v[19,4] 0
v[19,5] 0
v[19,6] 1
v[19,7] 1
v[19,8] 1
v[19,9] 1
v[19,10] 0
v[19,11] 1
v[19,12] 1
v[19,13] 0
v[19,14] 1
v[19,15] 1
v[19,16] 0
v[19,17] 1
v[19,18] 0
v[19,19] 0
v[19,20] 0
v[19,21] 1
v[19,22] 1
v[19,23] 1
v[19,24] 1
v[19,25] 1
v[19,26] 0
v[19,27] 0
v[19,28] 0
v[19,29] 1
v[19,30] 0
v[20,1] 1
v[20,2] 1
v[20,3] 1
v[20,4] 1
v[20,5] 1
v[20,6] 1
v[20,7] 1
v[20,8] 1
v[20,9] 1
v[20,10] 1
v[20,11] 1
v[20,12] 1
v[20,13] 1
v[20,14] 1
v[20,15] 1
v[20,16] 1
v[20,17] 1
v[20,18] 1
v[20,19] 1
v[20,20] 0
v[20,21] 1
v[20,22] 1
v[20,23] 1
v[20,24] 1
v[20,25] 1
v[20,26] 0
v[20,27] 1
v[20,28] 1
v[20,29] 1
v[20,30] 0
v[21,1] 1
v[21,2] 0
v[21,3] 1
v[21,4] 1
v[21,5] 0
v[21,6] 0
v[21,7] 0
v[21,8] 1
v[21,9] 1
v[21,10] 0
v[21,11] 0
v[21,12] 1
v[21,13] 0
v[21,14] 1
v[21,15] 1
v[21,16] 1
v[21,17] 1
v[21,18] 1
v[21,19] 0
v[21,20] 0
v[21,21] 0
v[21,22] 1
v[21,23] 1
v[21,24] 1
v[21,25] 0
v[21,26] 0
v[21,27] 0
v[21,28] 0
v[21,29] 1
v[21,30] 0
v[22,1] 1
v[22,2] 0
v[22,3] 1
v[22,4] 0
v[22,5] 0
v[22,6] 1
v[22,7] 0
v[22,8] 1
v[22,9] 1
v[22,10] 0
v[22,11] 0
v[22,12] 1
v[22,13] 0
v[22,14] 1
v[22,15] 1
v[22,16] 0
v[22,17] 0
v[22,18] 0
v[22,19] 0
v[22,20] 0
v[22,21] 0
v[22,22] 0
v[22,23] 0
v[22,24] 0
v[22,25] 0
v[22,26] 0
v[22,27] 0
v[22,28] 0
v[22,29] 0
v[22,30] 0
v[23,1] 1
v[23,2] 0
v[23,3] 1
v[23,4] 0
v[23,5] 0
v[23,6] 0
v[23,7] 0
v[23,8] 0
v[23,9] 1
v[23,10] 0
v[23,11] 0
v[23,12] 1
v[23,13] 0
v[23,14] 0
v[23,15] 1
v[23,16] 0
v[23,17] 1
v[23,18] 1
v[23,19] 0
v[23,20] 0
v[23,21] 0
v[23,22] 1
v[23,23] 0
v[23,24] 0
v[23,25] 0
v[23,26] 0
v[23,27] 0
v[23,28] 0
v[23,29] 0
v[23,30] 0
v[24,1] 1
v[24,2] 0
v[24,3] 1
v[24,4] 1
v[24,5] 0
v[24,6] 0
v[24,7] 0
v[24,8] 1
v[24,9] 1
v[24,10] 0
v[24,11] 0
v[24,12] 1
v[24,13] 1
v[24,14] 0
v[24,15] 1
v[24,16] 0
v[24,17] 0
v[24,18] 0
v[24,19] 0
v[24,20] 0
v[24,21] 0
v[24,22] 1
v[24,23] 1
v[24,24] 0
v[24,25] 1
v[24,26] 0
v[24,27] 0
v[24,28] 0
v[24,29] 1
v[24,30] 0
v[25,1] 1
v[25,2] 1
v[25,3] 1
v[25,4] 0
v[25,5] 1
v[25,6] 0
v[25,7] 0
v[25,8] 1
v[25,9] 1
v[25,10] 0
v[25,11] 0
v[25,12] 1
v[25,13] 0
v[25,14] 0
v[25,15] 1
v[25,16] 0
v[25,17] 1
v[25,18] 1
v[25,19] 0
v[25,20] 0
v[25,21] 1
v[25,22] 1
v[25,23] 1
v[25,24] 0
v[25,25] 0
v[25,26] 0
v[25,27] 0
v[25,28] 0
v[25,29] 1
v[25,30] 0
v[26,1] 1
v[26,2] 1
v[26,3] 1
v[26,4] 1
v[26,5] 1
v[26,6] 1
v[26,7] 1
v[26,8] 1
v[26,9] 1
v[26,10] 1
v[26,11] 1
v[26,12] 1
v[26,13] 1
v[26,14] 1
v[26,15] 1
v[26,16] 1
v[26,17] 1
v[26,18] 1
v[26,19] 1
v[26,20] 1
v[26,21] 1
v[26,22] 1
v[26,23] 1
v[26,24] 1
v[26,25] 1
v[26,26] 0
v[26,27] 1
v[26,28] 1
v[26,29] 1
v[26,30] 1
v[27,1] 1
v[27,2] 0
v[27,3] 1
v[27,4] 1
v[27,5] 1
v[27,6] 1
v[27,7] 1
v[27,8] 1
v[27,9] 1
v[27,10] 0
v[27,11] 0
v[27,12] 1
v[27,13] 1
v[27,14] 1
v[27,15] 1
v[27,16] 1
v[27,17] 1
v[27,18] 1
v[27,19] 1
v[27,20] 0
v[27,21] 1
v[27,22] 1
v[27,23] 1
v[27,24] 1
v[27,25] 1
v[27,26] 0
v[27,27] 0
v[27,28] 0
v[27,29] 1
v[27,30] 0
v[28,1] 1
v[28,2] 1
v[28,3] 1
v[28,4] 1
v[28,5] 1
v[28,6] 1
v[28,7] 1
v[28,8] 1
v[28,9] 1
v[28,10] 0
v[28,11] 1
v[28,12] 1
v[28,13] 1
v[28,14] 1
v[28,15] 1
v[28,16] 1
v[28,17] 1
v[28,18] 1
v[28,19] 1
v[28,20] 0
v[28,21] 1
v[28,22] 1
v[28,23] 1
v[28,24] 1
v[28,25] 1
v[28,26] 0
v[28,27] 1
v[28,28] 0
v[28,29] 1
v[28,30] 0
v[29,1] 1
v[29,2] 0
v[29,3] 1
v[29,4] 0
v[29,5] 0
v[29,6] 0
v[29,7] 0
v[29,8] 1
v[29,9] 1
v[29,10] 0
v[29,11] 0
v[29,12] 1
v[29,13] 0
v[29,14] 0
v[29,15] 1
v[29,16] 0
v[29,17] 0
v[29,18] 1
v[29,19] 0
v[29,20] 0
v[29,21] 0
v[29,22] 1
v[29,23] 1
v[29,24] 0
v[29,25] 0
v[29,26] 0
v[29,27] 0
v[29,28] 0
v[29,29] 0
v[29,30] 0
v[30,1] 1
v[30,2] 1
v[30,3] 1
v[30,4] 1
v[30,5] 1
v[30,6] 1
v[30,7] 1
v[30,8] 1
v[30,9] 1
v[30,10] 1
v[30,11] 1
v[30,12] 1
v[30,13] 1
v[30,14] 1
v[30,15] 1
v[30,16] 1
v[30,17] 1
v[30,18] 1
v[30,19] 1
v[30,20] 1
v[30,21] 1
v[30,22] 1
v[30,23] 1
v[30,24] 1
v[30,25] 1
v[30,26] 0
v[30,27] 1
v[30,28] 1
v[30,29] 1
v[30,30] 0
