nI: 100
nJ: 10
CapsJ: 40
nIns: 4
CostJ: [(1) 117 (2) 127 (3) 103 (4) 117 (5) 114 (6) 120 (7) 124 (8) 109 (9) 113 (10) 111]
CapJ: [(1) 40 (2) 40 (3) 40 (4) 40 (5) 40 (6) 40 (7) 40 (8) 40 (9) 40 (10) 40]
CostIJ: [(1 1) 30 (1 2) 30 (1 3) 12 (1 4) 17 (1 5) 30 (1 6) 29 (1 7) 10 (1 8) 14 (1
 9) 21 (1 10) 29 (2 1) 30 (2 2) 17 (2 3) 20 (2 4) 13 (2 5) 30 (2 6) 28 (2 7) 22
 (2 8) 21 (2 9) 16 (2 10) 14 (3 1) 19 (3 2) 23 (3 3) 24 (3 4) 10 (3 5) 10 (3
 6) 18 (3 7) 16 (3 8) 21 (3 9) 26 (3 10) 22 (4 1) 19 (4 2) 20 (4 3) 15 (4 4) 24
 (4 5) 23 (4 6) 27 (4 7) 18 (4 8) 15 (4 9) 20 (4 10) 28 (5 1) 12 (5 2) 19 (5
 3) 20 (5 4) 17 (5 5) 18 (5 6) 26 (5 7) 12 (5 8) 10 (5 9) 19 (5 10) 15 (6 1) 26
 (6 2) 21 (6 3) 11 (6 4) 30 (6 5) 27 (6 6) 26 (6 7) 30 (6 8) 14 (6 9) 28 (6
 10) 28 (7 1) 24 (7 2) 28 (7 3) 14 (7 4) 12 (7 5) 24 (7 6) 20 (7 7) 20 (7 8) 29
 (7 9) 13 (7 10) 23 (8 1) 15 (8 2) 25 (8 3) 17 (8 4) 12 (8 5) 21 (8 6) 30 (8
 7) 18 (8 8) 25 (8 9) 19 (8 10) 15 (9 1) 12 (9 2) 13 (9 3) 28 (9 4) 23 (9 5) 17
 (9 6) 27 (9 7) 25 (9 8) 10 (9 9) 30 (9 10) 15 (10 1) 29 (10 2) 16 (10 3) 20
 (10 4) 22 (10 5) 24 (10 6) 18 (10 7) 25 (10 8) 30 (10 9) 15 (10 10) 10 (11
 1) 30 (11 2) 30 (11 3) 28 (11 4) 16 (11 5) 25 (11 6) 23 (11 7) 11 (11 8) 12
 (11 9) 30 (11 10) 21 (12 1) 22 (12 2) 17 (12 3) 25 (12 4) 17 (12 5) 19 (12
 6) 28 (12 7) 28 (12 8) 21 (12 9) 13 (12 10) 30 (13 1) 25 (13 2) 28 (13 3) 27
 (13 4) 21 (13 5) 26 (13 6) 14 (13 7) 21 (13 8) 28 (13 9) 13 (13 10) 30 (14
 1) 12 (14 2) 19 (14 3) 14 (14 4) 27 (14 5) 24 (14 6) 30 (14 7) 25 (14 8) 16
 (14 9) 24 (14 10) 26 (15 1) 13 (15 2) 24 (15 3) 14 (15 4) 23 (15 5) 23 (15
 6) 12 (15 7) 14 (15 8) 18 (15 9) 21 (15 10) 18 (16 1) 18 (16 2) 21 (16 3) 28
 (16 4) 25 (16 5) 25 (16 6) 22 (16 7) 23 (16 8) 17 (16 9) 24 (16 10) 12 (17
 1) 17 (17 2) 23 (17 3) 14 (17 4) 22 (17 5) 16 (17 6) 16 (17 7) 12 (17 8) 30
 (17 9) 26 (17 10) 15 (18 1) 27 (18 2) 13 (18 3) 11 (18 4) 24 (18 5) 25 (18
 6) 11 (18 7) 21 (18 8) 29 (18 9) 15 (18 10) 22 (19 1) 27 (19 2) 11 (19 3) 21
 (19 4) 29 (19 5) 28 (19 6) 26 (19 7) 25 (19 8) 22 (19 9) 11 (19 10) 22 (20
 1) 22 (20 2) 16 (20 3) 19 (20 4) 12 (20 5) 15 (20 6) 11 (20 7) 24 (20 8) 17
 (20 9) 25 (20 10) 17 (21 1) 16 (21 2) 11 (21 3) 19 (21 4) 16 (21 5) 16 (21
 6) 28 (21 7) 17 (21 8) 26 (21 9) 11 (21 10) 11 (22 1) 20 (22 2) 17 (22 3) 30
 (22 4) 22 (22 5) 26 (22 6) 28 (22 7) 13 (22 8) 15 (22 9) 26 (22 10) 17 (23
 1) 14 (23 2) 29 (23 3) 17 (23 4) 12 (23 5) 13 (23 6) 10 (23 7) 22 (23 8) 24
 (23 9) 11 (23 10) 16 (24 1) 26 (24 2) 17 (24 3) 10 (24 4) 15 (24 5) 15 (24
 6) 12 (24 7) 17 (24 8) 26 (24 9) 21 (24 10) 26 (25 1) 26 (25 2) 23 (25 3) 27
 (25 4) 15 (25 5) 11 (25 6) 10 (25 7) 17 (25 8) 17 (25 9) 28 (25 10) 28 (26
 1) 10 (26 2) 17 (26 3) 22 (26 4) 25 (26 5) 27 (26 6) 19 (26 7) 25 (26 8) 11
 (26 9) 10 (26 10) 21 (27 1) 25 (27 2) 16 (27 3) 17 (27 4) 24 (27 5) 29 (27
 6) 14 (27 7) 23 (27 8) 17 (27 9) 28 (27 10) 30 (28 1) 10 (28 2) 30 (28 3) 17
 (28 4) 10 (28 5) 20 (28 6) 15 (28 7) 28 (28 8) 21 (28 9) 19 (28 10) 18 (29
 1) 26 (29 2) 10 (29 3) 28 (29 4) 20 (29 5) 27 (29 6) 29 (29 7) 17 (29 8) 26
 (29 9) 28 (29 10) 19 (30 1) 25 (30 2) 29 (30 3) 30 (30 4) 11 (30 5) 16 (30
 6) 19 (30 7) 24 (30 8) 17 (30 9) 20 (30 10) 15 (31 1) 22 (31 2) 10 (31 3) 28
 (31 4) 21 (31 5) 20 (31 6) 13 (31 7) 14 (31 8) 30 (31 9) 23 (31 10) 10 (32
 1) 16 (32 2) 20 (32 3) 21 (32 4) 19 (32 5) 18 (32 6) 20 (32 7) 18 (32 8) 11
 (32 9) 10 (32 10) 25 (33 1) 19 (33 2) 23 (33 3) 15 (33 4) 15 (33 5) 25 (33
 6) 27 (33 7) 14 (33 8) 25 (33 9) 16 (33 10) 11 (34 1) 28 (34 2) 17 (34 3) 23
 (34 4) 19 (34 5) 22 (34 6) 18 (34 7) 29 (34 8) 15 (34 9) 27 (34 10) 21 (35
 1) 28 (35 2) 15 (35 3) 27 (35 4) 17 (35 5) 17 (35 6) 26 (35 7) 11 (35 8) 29
 (35 9) 30 (35 10) 12 (36 1) 25 (36 2) 25 (36 3) 24 (36 4) 20 (36 5) 30 (36
 6) 13 (36 7) 24 (36 8) 20 (36 9) 30 (36 10) 12 (37 1) 20 (37 2) 11 (37 3) 20
 (37 4) 10 (37 5) 23 (37 6) 23 (37 7) 12 (37 8) 25 (37 9) 27 (37 10) 30 (38
 1) 20 (38 2) 16 (38 3) 30 (38 4) 10 (38 5) 10 (38 6) 19 (38 7) 18 (38 8) 26
 (38 9) 17 (38 10) 22 (39 1) 18 (39 2) 24 (39 3) 22 (39 4) 27 (39 5) 25 (39
 6) 11 (39 7) 22 (39 8) 22 (39 9) 14 (39 10) 23 (40 1) 29 (40 2) 12 (40 3) 15
 (40 4) 25 (40 5) 30 (40 6) 10 (40 7) 25 (40 8) 11 (40 9) 23 (40 10) 28 (41
 1) 25 (41 2) 16 (41 3) 11 (41 4) 17 (41 5) 21 (41 6) 16 (41 7) 18 (41 8) 20
 (41 9) 27 (41 10) 19 (42 1) 20 (42 2) 12 (42 3) 24 (42 4) 25 (42 5) 15 (42
 6) 26 (42 7) 17 (42 8) 14 (42 9) 17 (42 10) 12 (43 1) 11 (43 2) 29 (43 3) 11
 (43 4) 24 (43 5) 14 (43 6) 28 (43 7) 11 (43 8) 30 (43 9) 26 (43 10) 19 (44
 1) 22 (44 2) 28 (44 3) 10 (44 4) 10 (44 5) 26 (44 6) 22 (44 7) 14 (44 8) 17
 (44 9) 20 (44 10) 27 (45 1) 13 (45 2) 25 (45 3) 23 (45 4) 27 (45 5) 13 (45
 6) 13 (45 7) 23 (45 8) 15 (45 9) 29 (45 10) 18 (46 1) 22 (46 2) 18 (46 3) 24
 (46 4) 25 (46 5) 12 (46 6) 10 (46 7) 14 (46 8) 19 (46 9) 30 (46 10) 14 (47
 1) 20 (47 2) 27 (47 3) 18 (47 4) 11 (47 5) 15 (47 6) 12 (47 7) 26 (47 8) 26
 (47 9) 24 (47 10) 26 (48 1) 15 (48 2) 15 (48 3) 28 (48 4) 12 (48 5) 28 (48
 6) 20 (48 7) 30 (48 8) 17 (48 9) 19 (48 10) 27 (49 1) 11 (49 2) 12 (49 3) 25
 (49 4) 28 (49 5) 23 (49 6) 16 (49 7) 12 (49 8) 14 (49 9) 12 (49 10) 27 (50
 1) 28 (50 2) 24 (50 3) 29 (50 4) 14 (50 5) 17 (50 6) 26 (50 7) 24 (50 8) 28
 (50 9) 24 (50 10) 30 (51 1) 10 (51 2) 11 (51 3) 21 (51 4) 16 (51 5) 22 (51
 6) 15 (51 7) 18 (51 8) 22 (51 9) 21 (51 10) 12 (52 1) 22 (52 2) 29 (52 3) 23
 (52 4) 26 (52 5) 25 (52 6) 17 (52 7) 14 (52 8) 15 (52 9) 18 (52 10) 29 (53
 1) 27 (53 2) 10 (53 3) 18 (53 4) 15 (53 5) 10 (53 6) 25 (53 7) 23 (53 8) 28
 (53 9) 13 (53 10) 25 (54 1) 17 (54 2) 27 (54 3) 19 (54 4) 18 (54 5) 26 (54
 6) 30 (54 7) 26 (54 8) 19 (54 9) 11 (54 10) 28 (55 1) 17 (55 2) 18 (55 3) 25
 (55 4) 23 (55 5) 26 (55 6) 29 (55 7) 17 (55 8) 26 (55 9) 29 (55 10) 20 (56
 1) 25 (56 2) 29 (56 3) 16 (56 4) 30 (56 5) 14 (56 6) 19 (56 7) 12 (56 8) 27
 (56 9) 18 (56 10) 13 (57 1) 16 (57 2) 17 (57 3) 16 (57 4) 10 (57 5) 23 (57
 6) 15 (57 7) 25 (57 8) 23 (57 9) 15 (57 10) 10 (58 1) 18 (58 2) 17 (58 3) 14
 (58 4) 13 (58 5) 22 (58 6) 12 (58 7) 14 (58 8) 24 (58 9) 13 (58 10) 19 (59
 1) 14 (59 2) 29 (59 3) 25 (59 4) 18 (59 5) 29 (59 6) 30 (59 7) 21 (59 8) 27
 (59 9) 21 (59 10) 17 (60 1) 17 (60 2) 18 (60 3) 24 (60 4) 21 (60 5) 26 (60
 6) 20 (60 7) 28 (60 8) 10 (60 9) 15 (60 10) 20 (61 1) 12 (61 2) 28 (61 3) 17
 (61 4) 24 (61 5) 17 (61 6) 23 (61 7) 17 (61 8) 15 (61 9) 16 (61 10) 22 (62
 1) 11 (62 2) 24 (62 3) 25 (62 4) 22 (62 5) 15 (62 6) 21 (62 7) 25 (62 8) 15
 (62 9) 15 (62 10) 17 (63 1) 27 (63 2) 11 (63 3) 23 (63 4) 26 (63 5) 28 (63
 6) 17 (63 7) 19 (63 8) 25 (63 9) 28 (63 10) 10 (64 1) 18 (64 2) 23 (64 3) 22
 (64 4) 12 (64 5) 18 (64 6) 29 (64 7) 11 (64 8) 17 (64 9) 29 (64 10) 18 (65
 1) 19 (65 2) 12 (65 3) 29 (65 4) 15 (65 5) 21 (65 6) 29 (65 7) 20 (65 8) 11
 (65 9) 14 (65 10) 12 (66 1) 27 (66 2) 21 (66 3) 25 (66 4) 12 (66 5) 21 (66
 6) 28 (66 7) 17 (66 8) 21 (66 9) 22 (66 10) 25 (67 1) 14 (67 2) 19 (67 3) 11
 (67 4) 25 (67 5) 28 (67 6) 10 (67 7) 17 (67 8) 15 (67 9) 24 (67 10) 21 (68
 1) 30 (68 2) 30 (68 3) 29 (68 4) 30 (68 5) 27 (68 6) 23 (68 7) 22 (68 8) 24
 (68 9) 11 (68 10) 27 (69 1) 10 (69 2) 10 (69 3) 25 (69 4) 24 (69 5) 23 (69
 6) 26 (69 7) 11 (69 8) 27 (69 9) 24 (69 10) 14 (70 1) 13 (70 2) 29 (70 3) 15
 (70 4) 23 (70 5) 23 (70 6) 21 (70 7) 10 (70 8) 15 (70 9) 27 (70 10) 18 (71
 1) 18 (71 2) 25 (71 3) 19 (71 4) 20 (71 5) 10 (71 6) 22 (71 7) 20 (71 8) 28
 (71 9) 16 (71 10) 28 (72 1) 27 (72 2) 27 (72 3) 21 (72 4) 24 (72 5) 17 (72
 6) 29 (72 7) 15 (72 8) 29 (72 9) 30 (72 10) 19 (73 1) 14 (73 2) 18 (73 3) 15
 (73 4) 20 (73 5) 15 (73 6) 19 (73 7) 18 (73 8) 10 (73 9) 26 (73 10) 23 (74
 1) 10 (74 2) 18 (74 3) 20 (74 4) 27 (74 5) 13 (74 6) 21 (74 7) 20 (74 8) 25
 (74 9) 27 (74 10) 30 (75 1) 12 (75 2) 14 (75 3) 20 (75 4) 27 (75 5) 12 (75
 6) 15 (75 7) 27 (75 8) 16 (75 9) 29 (75 10) 22 (76 1) 10 (76 2) 15 (76 3) 15
 (76 4) 11 (76 5) 14 (76 6) 13 (76 7) 13 (76 8) 14 (76 9) 15 (76 10) 24 (77
 1) 11 (77 2) 24 (77 3) 18 (77 4) 14 (77 5) 12 (77 6) 12 (77 7) 25 (77 8) 19
 (77 9) 19 (77 10) 20 (78 1) 20 (78 2) 11 (78 3) 15 (78 4) 15 (78 5) 18 (78
 6) 29 (78 7) 27 (78 8) 17 (78 9) 21 (78 10) 12 (79 1) 19 (79 2) 18 (79 3) 13
 (79 4) 18 (79 5) 29 (79 6) 11 (79 7) 27 (79 8) 17 (79 9) 24 (79 10) 10 (80
 1) 22 (80 2) 16 (80 3) 13 (80 4) 15 (80 5) 20 (80 6) 18 (80 7) 24 (80 8) 28
 (80 9) 14 (80 10) 13 (81 1) 11 (81 2) 19 (81 3) 28 (81 4) 24 (81 5) 10 (81
 6) 25 (81 7) 19 (81 8) 27 (81 9) 27 (81 10) 22 (82 1) 29 (82 2) 19 (82 3) 12
 (82 4) 28 (82 5) 30 (82 6) 21 (82 7) 25 (82 8) 18 (82 9) 29 (82 10) 22 (83
 1) 20 (83 2) 20 (83 3) 27 (83 4) 18 (83 5) 12 (83 6) 24 (83 7) 29 (83 8) 28
 (83 9) 19 (83 10) 12 (84 1) 14 (84 2) 13 (84 3) 18 (84 4) 10 (84 5) 14 (84
 6) 19 (84 7) 21 (84 8) 16 (84 9) 21 (84 10) 24 (85 1) 17 (85 2) 22 (85 3) 18
 (85 4) 12 (85 5) 11 (85 6) 19 (85 7) 26 (85 8) 24 (85 9) 10 (85 10) 13 (86
 1) 15 (86 2) 21 (86 3) 27 (86 4) 23 (86 5) 24 (86 6) 20 (86 7) 17 (86 8) 21
 (86 9) 10 (86 10) 10 (87 1) 30 (87 2) 30 (87 3) 14 (87 4) 19 (87 5) 24 (87
 6) 16 (87 7) 26 (87 8) 17 (87 9) 21 (87 10) 13 (88 1) 29 (88 2) 22 (88 3) 13
 (88 4) 18 (88 5) 13 (88 6) 16 (88 7) 20 (88 8) 20 (88 9) 12 (88 10) 19 (89
 1) 29 (89 2) 15 (89 3) 17 (89 4) 10 (89 5) 14 (89 6) 17 (89 7) 19 (89 8) 14
 (89 9) 12 (89 10) 21 (90 1) 19 (90 2) 14 (90 3) 15 (90 4) 29 (90 5) 26 (90
 6) 28 (90 7) 21 (90 8) 21 (90 9) 14 (90 10) 16 (91 1) 12 (91 2) 16 (91 3) 13
 (91 4) 24 (91 5) 15 (91 6) 22 (91 7) 26 (91 8) 15 (91 9) 22 (91 10) 24 (92
 1) 30 (92 2) 14 (92 3) 15 (92 4) 11 (92 5) 30 (92 6) 11 (92 7) 10 (92 8) 17
 (92 9) 11 (92 10) 15 (93 1) 18 (93 2) 27 (93 3) 30 (93 4) 13 (93 5) 29 (93
 6) 20 (93 7) 16 (93 8) 26 (93 9) 25 (93 10) 29 (94 1) 27 (94 2) 30 (94 3) 23
 (94 4) 23 (94 5) 27 (94 6) 21 (94 7) 25 (94 8) 22 (94 9) 29 (94 10) 15 (95
 1) 23 (95 2) 27 (95 3) 17 (95 4) 21 (95 5) 28 (95 6) 12 (95 7) 25 (95 8) 14
 (95 9) 13 (95 10) 13 (96 1) 15 (96 2) 13 (96 3) 24 (96 4) 17 (96 5) 21 (96
 6) 30 (96 7) 14 (96 8) 19 (96 9) 24 (96 10) 12 (97 1) 22 (97 2) 22 (97 3) 21
 (97 4) 23 (97 5) 21 (97 6) 29 (97 7) 18 (97 8) 16 (97 9) 15 (97 10) 20 (98
 1) 15 (98 2) 23 (98 3) 26 (98 4) 20 (98 5) 17 (98 6) 26 (98 7) 27 (98 8) 15
 (98 9) 24 (98 10) 23 (99 1) 10 (99 2) 27 (99 3) 13 (99 4) 17 (99 5) 30 (99
 6) 18 (99 7) 13 (99 8) 13 (99 9) 18 (99 10) 17 (100 1) 24 (100 2) 23 (100
 3) 10 (100 4) 17 (100 5) 13 (100 6) 15 (100 7) 26 (100 8) 16 (100 9) 11 (100
 10) 27]
Pref: [(1 1) 4 (1 2) 7 (1 3) 3 (1 4) 1 (1 5) 9 (1 6) 10 (1 7) 8 (1 8) 6 (1 9) 5 (1
 10) 2 (2 1) 10 (2 2) 6 (2 3) 7 (2 4) 2 (2 5) 5 (2 6) 1 (2 7) 8 (2 8) 3 (2
 9) 9 (2 10) 4 (3 1) 3 (3 2) 8 (3 3) 1 (3 4) 9 (3 5) 10 (3 6) 5 (3 7) 2 (3
 8) 4 (3 9) 6 (3 10) 7 (4 1) 1 (4 2) 10 (4 3) 5 (4 4) 6 (4 5) 8 (4 6) 2 (4
 7) 9 (4 8) 3 (4 9) 7 (4 10) 4 (5 1) 1 (5 2) 7 (5 3) 3 (5 4) 6 (5 5) 5 (5 6) 8
 (5 7) 4 (5 8) 10 (5 9) 9 (5 10) 2 (6 1) 2 (6 2) 10 (6 3) 9 (6 4) 8 (6 5) 6
 (6 6) 1 (6 7) 4 (6 8) 7 (6 9) 3 (6 10) 5 (7 1) 2 (7 2) 4 (7 3) 6 (7 4) 1 (7
 5) 3 (7 6) 5 (7 7) 7 (7 8) 10 (7 9) 8 (7 10) 9 (8 1) 1 (8 2) 2 (8 3) 7 (8
 4) 5 (8 5) 4 (8 6) 8 (8 7) 3 (8 8) 9 (8 9) 6 (8 10) 10 (9 1) 5 (9 2) 4 (9
 3) 7 (9 4) 1 (9 5) 10 (9 6) 6 (9 7) 2 (9 8) 8 (9 9) 9 (9 10) 3 (10 1) 1 (10
 2) 6 (10 3) 3 (10 4) 2 (10 5) 7 (10 6) 5 (10 7) 8 (10 8) 9 (10 9) 4 (10 10) 10
 (11 1) 3 (11 2) 10 (11 3) 6 (11 4) 4 (11 5) 2 (11 6) 8 (11 7) 7 (11 8) 1 (11
 9) 5 (11 10) 9 (12 1) 1 (12 2) 10 (12 3) 6 (12 4) 2 (12 5) 5 (12 6) 9 (12
 7) 7 (12 8) 3 (12 9) 4 (12 10) 8 (13 1) 8 (13 2) 10 (13 3) 6 (13 4) 9 (13
 5) 7 (13 6) 5 (13 7) 3 (13 8) 2 (13 9) 4 (13 10) 1 (14 1) 3 (14 2) 4 (14 3) 2
 (14 4) 5 (14 5) 1 (14 6) 8 (14 7) 9 (14 8) 10 (14 9) 6 (14 10) 7 (15 1) 4
 (15 2) 5 (15 3) 8 (15 4) 9 (15 5) 1 (15 6) 3 (15 7) 10 (15 8) 2 (15 9) 6 (15
 10) 7 (16 1) 3 (16 2) 1 (16 3) 5 (16 4) 6 (16 5) 9 (16 6) 2 (16 7) 10 (16
 8) 4 (16 9) 7 (16 10) 8 (17 1) 3 (17 2) 4 (17 3) 2 (17 4) 6 (17 5) 7 (17 6) 1
 (17 7) 9 (17 8) 5 (17 9) 8 (17 10) 10 (18 1) 5 (18 2) 2 (18 3) 9 (18 4) 4
 (18 5) 10 (18 6) 1 (18 7) 7 (18 8) 3 (18 9) 8 (18 10) 6 (19 1) 9 (19 2) 4
 (19 3) 2 (19 4) 6 (19 5) 7 (19 6) 8 (19 7) 3 (19 8) 10 (19 9) 5 (19 10) 1
 (20 1) 2 (20 2) 5 (20 3) 3 (20 4) 6 (20 5) 9 (20 6) 8 (20 7) 1 (20 8) 7 (20
 9) 10 (20 10) 4 (21 1) 9 (21 2) 5 (21 3) 7 (21 4) 6 (21 5) 4 (21 6) 10 (21
 7) 3 (21 8) 8 (21 9) 1 (21 10) 2 (22 1) 7 (22 2) 5 (22 3) 2 (22 4) 6 (22 5) 1
 (22 6) 9 (22 7) 10 (22 8) 3 (22 9) 4 (22 10) 8 (23 1) 2 (23 2) 8 (23 3) 5
 (23 4) 6 (23 5) 9 (23 6) 3 (23 7) 4 (23 8) 1 (23 9) 7 (23 10) 10 (24 1) 6
 (24 2) 5 (24 3) 10 (24 4) 2 (24 5) 7 (24 6) 3 (24 7) 4 (24 8) 9 (24 9) 8 (24
 10) 1 (25 1) 7 (25 2) 6 (25 3) 1 (25 4) 4 (25 5) 10 (25 6) 5 (25 7) 2 (25
 8) 8 (25 9) 9 (25 10) 3 (26 1) 10 (26 2) 4 (26 3) 7 (26 4) 8 (26 5) 9 (26
 6) 6 (26 7) 2 (26 8) 3 (26 9) 5 (26 10) 1 (27 1) 6 (27 2) 10 (27 3) 2 (27
 4) 9 (27 5) 7 (27 6) 1 (27 7) 8 (27 8) 4 (27 9) 3 (27 10) 5 (28 1) 9 (28 2) 2
 (28 3) 1 (28 4) 10 (28 5) 5 (28 6) 3 (28 7) 8 (28 8) 4 (28 9) 6 (28 10) 7
 (29 1) 4 (29 2) 6 (29 3) 3 (29 4) 5 (29 5) 8 (29 6) 1 (29 7) 2 (29 8) 7 (29
 9) 10 (29 10) 9 (30 1) 9 (30 2) 4 (30 3) 10 (30 4) 7 (30 5) 2 (30 6) 3 (30
 7) 5 (30 8) 8 (30 9) 1 (30 10) 6 (31 1) 6 (31 2) 5 (31 3) 9 (31 4) 8 (31 5) 3
 (31 6) 10 (31 7) 1 (31 8) 4 (31 9) 2 (31 10) 7 (32 1) 6 (32 2) 10 (32 3) 4
 (32 4) 1 (32 5) 9 (32 6) 3 (32 7) 5 (32 8) 7 (32 9) 2 (32 10) 8 (33 1) 4 (33
 2) 10 (33 3) 5 (33 4) 3 (33 5) 2 (33 6) 9 (33 7) 8 (33 8) 6 (33 9) 7 (33 10) 1
 (34 1) 2 (34 2) 9 (34 3) 5 (34 4) 1 (34 5) 7 (34 6) 6 (34 7) 10 (34 8) 4 (34
 9) 3 (34 10) 8 (35 1) 2 (35 2) 10 (35 3) 8 (35 4) 7 (35 5) 4 (35 6) 1 (35
 7) 3 (35 8) 9 (35 9) 5 (35 10) 6 (36 1) 1 (36 2) 2 (36 3) 4 (36 4) 3 (36 5) 6
 (36 6) 7 (36 7) 8 (36 8) 5 (36 9) 9 (36 10) 10 (37 1) 3 (37 2) 9 (37 3) 5
 (37 4) 2 (37 5) 8 (37 6) 6 (37 7) 7 (37 8) 10 (37 9) 4 (37 10) 1 (38 1) 2
 (38 2) 7 (38 3) 8 (38 4) 9 (38 5) 4 (38 6) 5 (38 7) 1 (38 8) 10 (38 9) 3 (38
 10) 6 (39 1) 2 (39 2) 6 (39 3) 8 (39 4) 4 (39 5) 1 (39 6) 5 (39 7) 7 (39 8) 3
 (39 9) 10 (39 10) 9 (40 1) 3 (40 2) 5 (40 3) 1 (40 4) 4 (40 5) 10 (40 6) 6
 (40 7) 9 (40 8) 2 (40 9) 8 (40 10) 7 (41 1) 10 (41 2) 5 (41 3) 2 (41 4) 6
 (41 5) 4 (41 6) 8 (41 7) 7 (41 8) 1 (41 9) 9 (41 10) 3 (42 1) 3 (42 2) 4 (42
 3) 9 (42 4) 1 (42 5) 8 (42 6) 10 (42 7) 5 (42 8) 2 (42 9) 7 (42 10) 6 (43
 1) 3 (43 2) 1 (43 3) 4 (43 4) 8 (43 5) 10 (43 6) 9 (43 7) 5 (43 8) 7 (43 9) 6
 (43 10) 2 (44 1) 7 (44 2) 1 (44 3) 5 (44 4) 3 (44 5) 9 (44 6) 10 (44 7) 2
 (44 8) 6 (44 9) 8 (44 10) 4 (45 1) 4 (45 2) 9 (45 3) 8 (45 4) 7 (45 5) 3 (45
 6) 6 (45 7) 5 (45 8) 1 (45 9) 10 (45 10) 2 (46 1) 1 (46 2) 4 (46 3) 3 (46
 4) 6 (46 5) 5 (46 6) 2 (46 7) 7 (46 8) 8 (46 9) 10 (46 10) 9 (47 1) 6 (47
 2) 1 (47 3) 7 (47 4) 2 (47 5) 8 (47 6) 10 (47 7) 9 (47 8) 5 (47 9) 4 (47 10) 3
 (48 1) 1 (48 2) 7 (48 3) 9 (48 4) 8 (48 5) 2 (48 6) 5 (48 7) 10 (48 8) 3 (48
 9) 4 (48 10) 6 (49 1) 10 (49 2) 4 (49 3) 5 (49 4) 2 (49 5) 3 (49 6) 9 (49
 7) 6 (49 8) 1 (49 9) 7 (49 10) 8 (50 1) 3 (50 2) 10 (50 3) 9 (50 4) 2 (50
 5) 8 (50 6) 4 (50 7) 7 (50 8) 6 (50 9) 1 (50 10) 5 (51 1) 3 (51 2) 8 (51 3) 5
 (51 4) 4 (51 5) 6 (51 6) 7 (51 7) 1 (51 8) 9 (51 9) 2 (51 10) 10 (52 1) 3
 (52 2) 10 (52 3) 6 (52 4) 5 (52 5) 4 (52 6) 2 (52 7) 7 (52 8) 9 (52 9) 1 (52
 10) 8 (53 1) 1 (53 2) 9 (53 3) 10 (53 4) 7 (53 5) 8 (53 6) 4 (53 7) 2 (53
 8) 5 (53 9) 6 (53 10) 3 (54 1) 4 (54 2) 9 (54 3) 2 (54 4) 5 (54 5) 7 (54 6) 1
 (54 7) 3 (54 8) 6 (54 9) 10 (54 10) 8 (55 1) 5 (55 2) 6 (55 3) 8 (55 4) 7
 (55 5) 3 (55 6) 9 (55 7) 4 (55 8) 1 (55 9) 10 (55 10) 2 (56 1) 3 (56 2) 6
 (56 3) 9 (56 4) 8 (56 5) 4 (56 6) 1 (56 7) 2 (56 8) 5 (56 9) 7 (56 10) 10
 (57 1) 3 (57 2) 2 (57 3) 4 (57 4) 7 (57 5) 8 (57 6) 10 (57 7) 6 (57 8) 5 (57
 9) 1 (57 10) 9 (58 1) 8 (58 2) 1 (58 3) 6 (58 4) 2 (58 5) 5 (58 6) 9 (58 7) 10
 (58 8) 3 (58 9) 4 (58 10) 7 (59 1) 4 (59 2) 1 (59 3) 6 (59 4) 10 (59 5) 7
 (59 6) 5 (59 7) 3 (59 8) 9 (59 9) 8 (59 10) 2 (60 1) 1 (60 2) 6 (60 3) 9 (60
 4) 8 (60 5) 10 (60 6) 7 (60 7) 3 (60 8) 2 (60 9) 5 (60 10) 4 (61 1) 2 (61
 2) 6 (61 3) 7 (61 4) 8 (61 5) 10 (61 6) 9 (61 7) 4 (61 8) 3 (61 9) 1 (61 10) 5
 (62 1) 10 (62 2) 9 (62 3) 6 (62 4) 7 (62 5) 2 (62 6) 5 (62 7) 8 (62 8) 4 (62
 9) 1 (62 10) 3 (63 1) 9 (63 2) 6 (63 3) 3 (63 4) 7 (63 5) 8 (63 6) 4 (63 7) 5
 (63 8) 10 (63 9) 1 (63 10) 2 (64 1) 7 (64 2) 1 (64 3) 8 (64 4) 3 (64 5) 10
 (64 6) 6 (64 7) 4 (64 8) 2 (64 9) 5 (64 10) 9 (65 1) 8 (65 2) 7 (65 3) 6 (65
 4) 2 (65 5) 5 (65 6) 10 (65 7) 4 (65 8) 3 (65 9) 1 (65 10) 9 (66 1) 4 (66
 2) 3 (66 3) 6 (66 4) 5 (66 5) 2 (66 6) 7 (66 7) 9 (66 8) 10 (66 9) 8 (66 10) 1
 (67 1) 2 (67 2) 10 (67 3) 9 (67 4) 6 (67 5) 8 (67 6) 5 (67 7) 1 (67 8) 7 (67
 9) 4 (67 10) 3 (68 1) 8 (68 2) 1 (68 3) 10 (68 4) 5 (68 5) 9 (68 6) 3 (68
 7) 7 (68 8) 4 (68 9) 2 (68 10) 6 (69 1) 4 (69 2) 1 (69 3) 5 (69 4) 9 (69 5) 10
 (69 6) 2 (69 7) 6 (69 8) 3 (69 9) 7 (69 10) 8 (70 1) 2 (70 2) 8 (70 3) 6 (70
 4) 1 (70 5) 4 (70 6) 9 (70 7) 10 (70 8) 7 (70 9) 5 (70 10) 3 (71 1) 9 (71
 2) 4 (71 3) 3 (71 4) 6 (71 5) 7 (71 6) 2 (71 7) 8 (71 8) 5 (71 9) 1 (71 10) 10
 (72 1) 4 (72 2) 9 (72 3) 6 (72 4) 5 (72 5) 2 (72 6) 1 (72 7) 10 (72 8) 8 (72
 9) 7 (72 10) 3 (73 1) 2 (73 2) 10 (73 3) 4 (73 4) 1 (73 5) 3 (73 6) 7 (73
 7) 8 (73 8) 5 (73 9) 9 (73 10) 6 (74 1) 3 (74 2) 6 (74 3) 1 (74 4) 9 (74 5) 8
 (74 6) 4 (74 7) 7 (74 8) 10 (74 9) 2 (74 10) 5 (75 1) 6 (75 2) 1 (75 3) 3
 (75 4) 7 (75 5) 9 (75 6) 4 (75 7) 8 (75 8) 10 (75 9) 5 (75 10) 2 (76 1) 10
 (76 2) 7 (76 3) 6 (76 4) 2 (76 5) 5 (76 6) 8 (76 7) 3 (76 8) 4 (76 9) 9 (76
 10) 1 (77 1) 2 (77 2) 9 (77 3) 3 (77 4) 5 (77 5) 10 (77 6) 4 (77 7) 8 (77
 8) 7 (77 9) 6 (77 10) 1 (78 1) 7 (78 2) 8 (78 3) 3 (78 4) 4 (78 5) 1 (78 6) 2
 (78 7) 5 (78 8) 6 (78 9) 9 (78 10) 10 (79 1) 8 (79 2) 6 (79 3) 7 (79 4) 2
 (79 5) 5 (79 6) 4 (79 7) 3 (79 8) 10 (79 9) 1 (79 10) 9 (80 1) 7 (80 2) 4
 (80 3) 8 (80 4) 5 (80 5) 9 (80 6) 6 (80 7) 3 (80 8) 2 (80 9) 10 (80 10) 1
 (81 1) 4 (81 2) 6 (81 3) 1 (81 4) 2 (81 5) 3 (81 6) 5 (81 7) 8 (81 8) 9 (81
 9) 10 (81 10) 7 (82 1) 3 (82 2) 6 (82 3) 2 (82 4) 5 (82 5) 8 (82 6) 4 (82
 7) 9 (82 8) 10 (82 9) 1 (82 10) 7 (83 1) 3 (83 2) 10 (83 3) 2 (83 4) 7 (83
 5) 8 (83 6) 6 (83 7) 1 (83 8) 9 (83 9) 4 (83 10) 5 (84 1) 2 (84 2) 4 (84 3) 10
 (84 4) 5 (84 5) 3 (84 6) 8 (84 7) 9 (84 8) 1 (84 9) 6 (84 10) 7 (85 1) 1 (85
 2) 2 (85 3) 5 (85 4) 10 (85 5) 4 (85 6) 8 (85 7) 6 (85 8) 7 (85 9) 9 (85 10) 3
 (86 1) 7 (86 2) 6 (86 3) 2 (86 4) 5 (86 5) 8 (86 6) 1 (86 7) 4 (86 8) 10 (86
 9) 9 (86 10) 3 (87 1) 1 (87 2) 3 (87 3) 5 (87 4) 6 (87 5) 4 (87 6) 8 (87 7) 10
 (87 8) 2 (87 9) 7 (87 10) 9 (88 1) 4 (88 2) 8 (88 3) 6 (88 4) 9 (88 5) 10
 (88 6) 7 (88 7) 3 (88 8) 5 (88 9) 1 (88 10) 2 (89 1) 3 (89 2) 10 (89 3) 8
 (89 4) 5 (89 5) 6 (89 6) 2 (89 7) 9 (89 8) 4 (89 9) 7 (89 10) 1 (90 1) 5 (90
 2) 2 (90 3) 10 (90 4) 3 (90 5) 7 (90 6) 8 (90 7) 9 (90 8) 6 (90 9) 1 (90 10) 4
 (91 1) 1 (91 2) 7 (91 3) 5 (91 4) 6 (91 5) 4 (91 6) 9 (91 7) 2 (91 8) 8 (91
 9) 3 (91 10) 10 (92 1) 5 (92 2) 8 (92 3) 4 (92 4) 3 (92 5) 2 (92 6) 1 (92
 7) 7 (92 8) 6 (92 9) 9 (92 10) 10 (93 1) 1 (93 2) 2 (93 3) 7 (93 4) 8 (93
 5) 5 (93 6) 6 (93 7) 3 (93 8) 9 (93 9) 4 (93 10) 10 (94 1) 5 (94 2) 3 (94
 3) 9 (94 4) 8 (94 5) 6 (94 6) 10 (94 7) 4 (94 8) 7 (94 9) 2 (94 10) 1 (95
 1) 6 (95 2) 8 (95 3) 1 (95 4) 3 (95 5) 10 (95 6) 4 (95 7) 9 (95 8) 2 (95 9) 7
 (95 10) 5 (96 1) 9 (96 2) 1 (96 3) 10 (96 4) 3 (96 5) 7 (96 6) 8 (96 7) 5
 (96 8) 4 (96 9) 6 (96 10) 2 (97 1) 3 (97 2) 6 (97 3) 4 (97 4) 7 (97 5) 8 (97
 6) 5 (97 7) 9 (97 8) 1 (97 9) 10 (97 10) 2 (98 1) 1 (98 2) 4 (98 3) 2 (98
 4) 9 (98 5) 6 (98 6) 7 (98 7) 5 (98 8) 10 (98 9) 3 (98 10) 8 (99 1) 4 (99
 2) 7 (99 3) 10 (99 4) 6 (99 5) 1 (99 6) 8 (99 7) 5 (99 8) 3 (99 9) 2 (99 10) 9
 (100 1) 7 (100 2) 1 (100 3) 4 (100 4) 6 (100 5) 2 (100 6) 5 (100 7) 8 (100
 8) 3 (100 9) 10 (100 10) 9]
