nI: 100
nJ: 5
CapsJ: 40
nIns: 5
CostJ: [(1) 115 (2) 119 (3) 101 (4) 127 (5) 117]
CapJ: [(1) 40 (2) 40 (3) 40 (4) 40 (5) 40]
CostIJ: [(1 1) 30 (1 2) 28 (1 3) 26 (1 4) 16 (1 5) 14 (2 1) 28 (2 2) 14 (2 3) 15 (2
 4) 17 (2 5) 21 (3 1) 25 (3 2) 22 (3 3) 15 (3 4) 16 (3 5) 30 (4 1) 16 (4 2) 29
 (4 3) 14 (4 4) 20 (4 5) 21 (5 1) 18 (5 2) 14 (5 3) 16 (5 4) 26 (5 5) 23 (6
 1) 25 (6 2) 16 (6 3) 20 (6 4) 11 (6 5) 22 (7 1) 26 (7 2) 29 (7 3) 27 (7 4) 28
 (7 5) 27 (8 1) 16 (8 2) 25 (8 3) 25 (8 4) 10 (8 5) 14 (9 1) 28 (9 2) 10 (9
 3) 30 (9 4) 24 (9 5) 10 (10 1) 16 (10 2) 17 (10 3) 30 (10 4) 16 (10 5) 10
 (11 1) 23 (11 2) 19 (11 3) 20 (11 4) 17 (11 5) 20 (12 1) 30 (12 2) 18 (12
 3) 18 (12 4) 13 (12 5) 25 (13 1) 10 (13 2) 11 (13 3) 19 (13 4) 22 (13 5) 12
 (14 1) 12 (14 2) 13 (14 3) 12 (14 4) 19 (14 5) 11 (15 1) 30 (15 2) 30 (15
 3) 25 (15 4) 23 (15 5) 27 (16 1) 10 (16 2) 21 (16 3) 19 (16 4) 22 (16 5) 12
 (17 1) 19 (17 2) 14 (17 3) 21 (17 4) 29 (17 5) 16 (18 1) 28 (18 2) 27 (18
 3) 13 (18 4) 17 (18 5) 18 (19 1) 20 (19 2) 28 (19 3) 14 (19 4) 14 (19 5) 15
 (20 1) 15 (20 2) 17 (20 3) 19 (20 4) 21 (20 5) 21 (21 1) 26 (21 2) 24 (21
 3) 26 (21 4) 19 (21 5) 12 (22 1) 17 (22 2) 14 (22 3) 26 (22 4) 30 (22 5) 20
 (23 1) 28 (23 2) 20 (23 3) 12 (23 4) 16 (23 5) 11 (24 1) 12 (24 2) 23 (24
 3) 15 (24 4) 19 (24 5) 19 (25 1) 26 (25 2) 18 (25 3) 22 (25 4) 22 (25 5) 19
 (26 1) 13 (26 2) 26 (26 3) 22 (26 4) 11 (26 5) 13 (27 1) 21 (27 2) 15 (27
 3) 26 (27 4) 30 (27 5) 12 (28 1) 19 (28 2) 14 (28 3) 15 (28 4) 20 (28 5) 30
 (29 1) 21 (29 2) 23 (29 3) 30 (29 4) 30 (29 5) 25 (30 1) 29 (30 2) 27 (30
 3) 25 (30 4) 20 (30 5) 25 (31 1) 30 (31 2) 17 (31 3) 17 (31 4) 28 (31 5) 25
 (32 1) 23 (32 2) 21 (32 3) 23 (32 4) 18 (32 5) 11 (33 1) 19 (33 2) 23 (33
 3) 11 (33 4) 22 (33 5) 14 (34 1) 17 (34 2) 19 (34 3) 28 (34 4) 16 (34 5) 12
 (35 1) 18 (35 2) 13 (35 3) 23 (35 4) 28 (35 5) 30 (36 1) 27 (36 2) 27 (36
 3) 19 (36 4) 27 (36 5) 14 (37 1) 12 (37 2) 17 (37 3) 30 (37 4) 12 (37 5) 13
 (38 1) 12 (38 2) 15 (38 3) 29 (38 4) 10 (38 5) 26 (39 1) 29 (39 2) 23 (39
 3) 23 (39 4) 17 (39 5) 29 (40 1) 26 (40 2) 30 (40 3) 24 (40 4) 27 (40 5) 30
 (41 1) 12 (41 2) 19 (41 3) 12 (41 4) 19 (41 5) 18 (42 1) 29 (42 2) 14 (42
 3) 29 (42 4) 19 (42 5) 27 (43 1) 13 (43 2) 23 (43 3) 21 (43 4) 15 (43 5) 18
 (44 1) 21 (44 2) 16 (44 3) 13 (44 4) 26 (44 5) 14 (45 1) 17 (45 2) 23 (45
 3) 12 (45 4) 29 (45 5) 25 (46 1) 13 (46 2) 13 (46 3) 22 (46 4) 16 (46 5) 27
 (47 1) 17 (47 2) 26 (47 3) 14 (47 4) 18 (47 5) 15 (48 1) 19 (48 2) 16 (48
 3) 25 (48 4) 16 (48 5) 17 (49 1) 24 (49 2) 21 (49 3) 16 (49 4) 18 (49 5) 18
 (50 1) 26 (50 2) 20 (50 3) 29 (50 4) 20 (50 5) 27 (51 1) 23 (51 2) 17 (51
 3) 24 (51 4) 10 (51 5) 19 (52 1) 24 (52 2) 28 (52 3) 30 (52 4) 22 (52 5) 12
 (53 1) 15 (53 2) 23 (53 3) 18 (53 4) 17 (53 5) 29 (54 1) 13 (54 2) 27 (54
 3) 25 (54 4) 19 (54 5) 16 (55 1) 15 (55 2) 30 (55 3) 14 (55 4) 10 (55 5) 13
 (56 1) 24 (56 2) 16 (56 3) 19 (56 4) 28 (56 5) 23 (57 1) 20 (57 2) 25 (57
 3) 17 (57 4) 17 (57 5) 29 (58 1) 20 (58 2) 13 (58 3) 12 (58 4) 27 (58 5) 20
 (59 1) 16 (59 2) 19 (59 3) 13 (59 4) 21 (59 5) 18 (60 1) 23 (60 2) 20 (60
 3) 30 (60 4) 18 (60 5) 12 (61 1) 19 (61 2) 24 (61 3) 24 (61 4) 23 (61 5) 15
 (62 1) 15 (62 2) 14 (62 3) 27 (62 4) 12 (62 5) 28 (63 1) 27 (63 2) 19 (63
 3) 16 (63 4) 14 (63 5) 15 (64 1) 26 (64 2) 28 (64 3) 21 (64 4) 24 (64 5) 11
 (65 1) 15 (65 2) 15 (65 3) 24 (65 4) 27 (65 5) 28 (66 1) 11 (66 2) 18 (66
 3) 14 (66 4) 29 (66 5) 18 (67 1) 18 (67 2) 21 (67 3) 12 (67 4) 10 (67 5) 30
 (68 1) 10 (68 2) 30 (68 3) 15 (68 4) 20 (68 5) 24 (69 1) 11 (69 2) 20 (69
 3) 19 (69 4) 12 (69 5) 14 (70 1) 13 (70 2) 27 (70 3) 17 (70 4) 15 (70 5) 26
 (71 1) 13 (71 2) 22 (71 3) 25 (71 4) 26 (71 5) 26 (72 1) 29 (72 2) 10 (72
 3) 26 (72 4) 22 (72 5) 13 (73 1) 23 (73 2) 19 (73 3) 22 (73 4) 24 (73 5) 19
 (74 1) 26 (74 2) 19 (74 3) 12 (74 4) 27 (74 5) 25 (75 1) 22 (75 2) 27 (75
 3) 12 (75 4) 26 (75 5) 13 (76 1) 22 (76 2) 26 (76 3) 21 (76 4) 29 (76 5) 27
 (77 1) 12 (77 2) 18 (77 3) 27 (77 4) 10 (77 5) 13 (78 1) 16 (78 2) 22 (78
 3) 29 (78 4) 30 (78 5) 16 (79 1) 29 (79 2) 11 (79 3) 17 (79 4) 18 (79 5) 18
 (80 1) 29 (80 2) 10 (80 3) 12 (80 4) 13 (80 5) 18 (81 1) 21 (81 2) 18 (81
 3) 12 (81 4) 11 (81 5) 17 (82 1) 12 (82 2) 13 (82 3) 13 (82 4) 23 (82 5) 17
 (83 1) 12 (83 2) 10 (83 3) 27 (83 4) 28 (83 5) 10 (84 1) 19 (84 2) 25 (84
 3) 24 (84 4) 15 (84 5) 20 (85 1) 15 (85 2) 17 (85 3) 14 (85 4) 11 (85 5) 30
 (86 1) 13 (86 2) 14 (86 3) 13 (86 4) 15 (86 5) 14 (87 1) 29 (87 2) 30 (87
 3) 27 (87 4) 22 (87 5) 16 (88 1) 30 (88 2) 13 (88 3) 24 (88 4) 22 (88 5) 16
 (89 1) 30 (89 2) 18 (89 3) 13 (89 4) 16 (89 5) 17 (90 1) 20 (90 2) 17 (90
 3) 23 (90 4) 30 (90 5) 18 (91 1) 24 (91 2) 12 (91 3) 13 (91 4) 20 (91 5) 23
 (92 1) 22 (92 2) 23 (92 3) 19 (92 4) 23 (92 5) 21 (93 1) 14 (93 2) 11 (93
 3) 13 (93 4) 22 (93 5) 30 (94 1) 19 (94 2) 29 (94 3) 15 (94 4) 11 (94 5) 30
 (95 1) 14 (95 2) 15 (95 3) 10 (95 4) 25 (95 5) 24 (96 1) 21 (96 2) 21 (96
 3) 12 (96 4) 20 (96 5) 14 (97 1) 14 (97 2) 28 (97 3) 28 (97 4) 25 (97 5) 17
 (98 1) 10 (98 2) 19 (98 3) 10 (98 4) 10 (98 5) 16 (99 1) 28 (99 2) 13 (99
 3) 21 (99 4) 18 (99 5) 18 (100 1) 10 (100 2) 27 (100 3) 13 (100 4) 18 (100
 5) 29]
Pref: [(1 1) 2 (1 2) 4 (1 3) 5 (1 4) 1 (1 5) 3 (2 1) 4 (2 2) 5 (2 3) 2 (2 4) 1 (2
 5) 3 (3 1) 5 (3 2) 4 (3 3) 1 (3 4) 2 (3 5) 3 (4 1) 1 (4 2) 2 (4 3) 4 (4 4) 5
 (4 5) 3 (5 1) 4 (5 2) 1 (5 3) 5 (5 4) 3 (5 5) 2 (6 1) 4 (6 2) 2 (6 3) 5 (6
 4) 3 (6 5) 1 (7 1) 2 (7 2) 5 (7 3) 1 (7 4) 4 (7 5) 3 (8 1) 3 (8 2) 2 (8 3) 5
 (8 4) 4 (8 5) 1 (9 1) 3 (9 2) 4 (9 3) 1 (9 4) 2 (9 5) 5 (10 1) 2 (10 2) 1
 (10 3) 5 (10 4) 4 (10 5) 3 (11 1) 4 (11 2) 5 (11 3) 2 (11 4) 3 (11 5) 1 (12
 1) 2 (12 2) 5 (12 3) 1 (12 4) 4 (12 5) 3 (13 1) 4 (13 2) 3 (13 3) 1 (13 4) 5
 (13 5) 2 (14 1) 1 (14 2) 4 (14 3) 5 (14 4) 3 (14 5) 2 (15 1) 3 (15 2) 5 (15
 3) 1 (15 4) 2 (15 5) 4 (16 1) 5 (16 2) 1 (16 3) 4 (16 4) 2 (16 5) 3 (17 1) 2
 (17 2) 3 (17 3) 5 (17 4) 1 (17 5) 4 (18 1) 2 (18 2) 5 (18 3) 1 (18 4) 4 (18
 5) 3 (19 1) 2 (19 2) 5 (19 3) 1 (19 4) 4 (19 5) 3 (20 1) 2 (20 2) 5 (20 3) 4
 (20 4) 3 (20 5) 1 (21 1) 4 (21 2) 2 (21 3) 3 (21 4) 1 (21 5) 5 (22 1) 1 (22
 2) 4 (22 3) 5 (22 4) 3 (22 5) 2 (23 1) 1 (23 2) 3 (23 3) 4 (23 4) 5 (23 5) 2
 (24 1) 1 (24 2) 5 (24 3) 4 (24 4) 2 (24 5) 3 (25 1) 3 (25 2) 1 (25 3) 5 (25
 4) 4 (25 5) 2 (26 1) 3 (26 2) 4 (26 3) 1 (26 4) 2 (26 5) 5 (27 1) 2 (27 2) 5
 (27 3) 3 (27 4) 4 (27 5) 1 (28 1) 2 (28 2) 4 (28 3) 1 (28 4) 3 (28 5) 5 (29
 1) 4 (29 2) 3 (29 3) 1 (29 4) 2 (29 5) 5 (30 1) 2 (30 2) 1 (30 3) 3 (30 4) 5
 (30 5) 4 (31 1) 2 (31 2) 1 (31 3) 5 (31 4) 4 (31 5) 3 (32 1) 2 (32 2) 1 (32
 3) 5 (32 4) 4 (32 5) 3 (33 1) 1 (33 2) 2 (33 3) 5 (33 4) 3 (33 5) 4 (34 1) 4
 (34 2) 2 (34 3) 1 (34 4) 5 (34 5) 3 (35 1) 2 (35 2) 3 (35 3) 5 (35 4) 1 (35
 5) 4 (36 1) 4 (36 2) 2 (36 3) 5 (36 4) 3 (36 5) 1 (37 1) 1 (37 2) 4 (37 3) 5
 (37 4) 2 (37 5) 3 (38 1) 2 (38 2) 3 (38 3) 1 (38 4) 4 (38 5) 5 (39 1) 4 (39
 2) 1 (39 3) 2 (39 4) 5 (39 5) 3 (40 1) 4 (40 2) 2 (40 3) 5 (40 4) 1 (40 5) 3
 (41 1) 3 (41 2) 5 (41 3) 1 (41 4) 2 (41 5) 4 (42 1) 3 (42 2) 4 (42 3) 1 (42
 4) 2 (42 5) 5 (43 1) 5 (43 2) 1 (43 3) 3 (43 4) 2 (43 5) 4 (44 1) 4 (44 2) 3
 (44 3) 5 (44 4) 1 (44 5) 2 (45 1) 3 (45 2) 4 (45 3) 1 (45 4) 5 (45 5) 2 (46
 1) 5 (46 2) 2 (46 3) 3 (46 4) 1 (46 5) 4 (47 1) 5 (47 2) 2 (47 3) 1 (47 4) 3
 (47 5) 4 (48 1) 2 (48 2) 5 (48 3) 1 (48 4) 4 (48 5) 3 (49 1) 3 (49 2) 1 (49
 3) 2 (49 4) 4 (49 5) 5 (50 1) 5 (50 2) 2 (50 3) 1 (50 4) 4 (50 5) 3 (51 1) 4
 (51 2) 3 (51 3) 2 (51 4) 1 (51 5) 5 (52 1) 1 (52 2) 4 (52 3) 2 (52 4) 3 (52
 5) 5 (53 1) 5 (53 2) 1 (53 3) 2 (53 4) 3 (53 5) 4 (54 1) 1 (54 2) 2 (54 3) 4
 (54 4) 5 (54 5) 3 (55 1) 4 (55 2) 3 (55 3) 5 (55 4) 1 (55 5) 2 (56 1) 1 (56
 2) 3 (56 3) 4 (56 4) 2 (56 5) 5 (57 1) 4 (57 2) 3 (57 3) 1 (57 4) 5 (57 5) 2
 (58 1) 3 (58 2) 5 (58 3) 1 (58 4) 2 (58 5) 4 (59 1) 3 (59 2) 5 (59 3) 1 (59
 4) 4 (59 5) 2 (60 1) 4 (60 2) 1 (60 3) 2 (60 4) 5 (60 5) 3 (61 1) 5 (61 2) 3
 (61 3) 2 (61 4) 1 (61 5) 4 (62 1) 1 (62 2) 2 (62 3) 5 (62 4) 4 (62 5) 3 (63
 1) 3 (63 2) 1 (63 3) 4 (63 4) 2 (63 5) 5 (64 1) 2 (64 2) 4 (64 3) 5 (64 4) 1
 (64 5) 3 (65 1) 2 (65 2) 3 (65 3) 1 (65 4) 4 (65 5) 5 (66 1) 4 (66 2) 5 (66
 3) 3 (66 4) 2 (66 5) 1 (67 1) 1 (67 2) 2 (67 3) 5 (67 4) 4 (67 5) 3 (68 1) 2
 (68 2) 3 (68 3) 5 (68 4) 4 (68 5) 1 (69 1) 4 (69 2) 2 (69 3) 3 (69 4) 1 (69
 5) 5 (70 1) 1 (70 2) 5 (70 3) 4 (70 4) 3 (70 5) 2 (71 1) 5 (71 2) 1 (71 3) 2
 (71 4) 4 (71 5) 3 (72 1) 1 (72 2) 2 (72 3) 5 (72 4) 4 (72 5) 3 (73 1) 1 (73
 2) 5 (73 3) 4 (73 4) 2 (73 5) 3 (74 1) 2 (74 2) 1 (74 3) 3 (74 4) 5 (74 5) 4
 (75 1) 3 (75 2) 1 (75 3) 2 (75 4) 4 (75 5) 5 (76 1) 4 (76 2) 3 (76 3) 2 (76
 4) 1 (76 5) 5 (77 1) 5 (77 2) 2 (77 3) 3 (77 4) 1 (77 5) 4 (78 1) 3 (78 2) 1
 (78 3) 4 (78 4) 2 (78 5) 5 (79 1) 3 (79 2) 4 (79 3) 2 (79 4) 1 (79 5) 5 (80
 1) 3 (80 2) 4 (80 3) 2 (80 4) 5 (80 5) 1 (81 1) 4 (81 2) 5 (81 3) 3 (81 4) 1
 (81 5) 2 (82 1) 5 (82 2) 2 (82 3) 1 (82 4) 4 (82 5) 3 (83 1) 2 (83 2) 1 (83
 3) 5 (83 4) 3 (83 5) 4 (84 1) 1 (84 2) 4 (84 3) 5 (84 4) 3 (84 5) 2 (85 1) 4
 (85 2) 2 (85 3) 5 (85 4) 3 (85 5) 1 (86 1) 4 (86 2) 1 (86 3) 3 (86 4) 5 (86
 5) 2 (87 1) 5 (87 2) 4 (87 3) 3 (87 4) 1 (87 5) 2 (88 1) 5 (88 2) 2 (88 3) 4
 (88 4) 3 (88 5) 1 (89 1) 3 (89 2) 5 (89 3) 4 (89 4) 2 (89 5) 1 (90 1) 5 (90
 2) 2 (90 3) 4 (90 4) 1 (90 5) 3 (91 1) 1 (91 2) 4 (91 3) 2 (91 4) 5 (91 5) 3
 (92 1) 4 (92 2) 3 (92 3) 1 (92 4) 5 (92 5) 2 (93 1) 3 (93 2) 4 (93 3) 2 (93
 4) 5 (93 5) 1 (94 1) 3 (94 2) 2 (94 3) 5 (94 4) 1 (94 5) 4 (95 1) 1 (95 2) 3
 (95 3) 5 (95 4) 2 (95 5) 4 (96 1) 5 (96 2) 4 (96 3) 1 (96 4) 3 (96 5) 2 (97
 1) 1 (97 2) 3 (97 3) 5 (97 4) 2 (97 5) 4 (98 1) 3 (98 2) 5 (98 3) 2 (98 4) 4
 (98 5) 1 (99 1) 2 (99 2) 1 (99 3) 5 (99 4) 3 (99 5) 4 (100 1) 5 (100 2) 4
 (100 3) 3 (100 4) 2 (100 5) 1]
