nI: 50
nJ: 5
CapsJ: 20
nIns: 1
CostJ: [(1) 117 (2) 123 (3) 118 (4) 101 (5) 130]
CapJ: [(1) 20 (2) 20 (3) 20 (4) 20 (5) 20]
CostIJ: [(1 1) 10 (1 2) 14 (1 3) 12 (1 4) 30 (1 5) 28 (2 1) 29 (2 2) 26 (2 3) 13 (2
 4) 14 (2 5) 27 (3 1) 12 (3 2) 25 (3 3) 10 (3 4) 12 (3 5) 24 (4 1) 10 (4 2) 13
 (4 3) 11 (4 4) 15 (4 5) 16 (5 1) 25 (5 2) 25 (5 3) 15 (5 4) 20 (5 5) 21 (6
 1) 13 (6 2) 30 (6 3) 24 (6 4) 20 (6 5) 26 (7 1) 27 (7 2) 19 (7 3) 22 (7 4) 30
 (7 5) 25 (8 1) 27 (8 2) 13 (8 3) 16 (8 4) 26 (8 5) 27 (9 1) 10 (9 2) 23 (9
 3) 14 (9 4) 20 (9 5) 20 (10 1) 18 (10 2) 30 (10 3) 20 (10 4) 24 (10 5) 22
 (11 1) 16 (11 2) 22 (11 3) 15 (11 4) 14 (11 5) 26 (12 1) 28 (12 2) 19 (12
 3) 15 (12 4) 15 (12 5) 22 (13 1) 26 (13 2) 18 (13 3) 11 (13 4) 13 (13 5) 27
 (14 1) 14 (14 2) 23 (14 3) 13 (14 4) 11 (14 5) 30 (15 1) 21 (15 2) 13 (15
 3) 28 (15 4) 20 (15 5) 26 (16 1) 15 (16 2) 19 (16 3) 15 (16 4) 21 (16 5) 29
 (17 1) 13 (17 2) 13 (17 3) 25 (17 4) 17 (17 5) 22 (18 1) 18 (18 2) 21 (18
 3) 23 (18 4) 30 (18 5) 16 (19 1) 11 (19 2) 21 (19 3) 12 (19 4) 21 (19 5) 10
 (20 1) 20 (20 2) 15 (20 3) 10 (20 4) 21 (20 5) 26 (21 1) 27 (21 2) 15 (21
 3) 25 (21 4) 21 (21 5) 14 (22 1) 25 (22 2) 18 (22 3) 19 (22 4) 15 (22 5) 28
 (23 1) 28 (23 2) 18 (23 3) 23 (23 4) 24 (23 5) 18 (24 1) 22 (24 2) 30 (24
 3) 20 (24 4) 24 (24 5) 25 (25 1) 30 (25 2) 22 (25 3) 13 (25 4) 28 (25 5) 30
 (26 1) 18 (26 2) 19 (26 3) 15 (26 4) 19 (26 5) 30 (27 1) 23 (27 2) 24 (27
 3) 19 (27 4) 12 (27 5) 24 (28 1) 17 (28 2) 15 (28 3) 28 (28 4) 17 (28 5) 28
 (29 1) 18 (29 2) 23 (29 3) 13 (29 4) 14 (29 5) 26 (30 1) 12 (30 2) 11 (30
 3) 28 (30 4) 10 (30 5) 19 (31 1) 17 (31 2) 18 (31 3) 20 (31 4) 11 (31 5) 19
 (32 1) 27 (32 2) 15 (32 3) 14 (32 4) 23 (32 5) 18 (33 1) 25 (33 2) 15 (33
 3) 28 (33 4) 30 (33 5) 25 (34 1) 17 (34 2) 22 (34 3) 27 (34 4) 24 (34 5) 17
 (35 1) 28 (35 2) 30 (35 3) 25 (35 4) 21 (35 5) 18 (36 1) 16 (36 2) 12 (36
 3) 26 (36 4) 20 (36 5) 25 (37 1) 23 (37 2) 25 (37 3) 10 (37 4) 29 (37 5) 14
 (38 1) 18 (38 2) 16 (38 3) 18 (38 4) 22 (38 5) 14 (39 1) 24 (39 2) 28 (39
 3) 15 (39 4) 23 (39 5) 10 (40 1) 18 (40 2) 17 (40 3) 18 (40 4) 18 (40 5) 12
 (41 1) 14 (41 2) 21 (41 3) 23 (41 4) 17 (41 5) 18 (42 1) 23 (42 2) 23 (42
 3) 16 (42 4) 10 (42 5) 25 (43 1) 11 (43 2) 16 (43 3) 30 (43 4) 22 (43 5) 13
 (44 1) 19 (44 2) 12 (44 3) 30 (44 4) 13 (44 5) 22 (45 1) 30 (45 2) 20 (45
 3) 19 (45 4) 15 (45 5) 20 (46 1) 19 (46 2) 27 (46 3) 22 (46 4) 12 (46 5) 21
 (47 1) 28 (47 2) 12 (47 3) 15 (47 4) 21 (47 5) 16 (48 1) 22 (48 2) 11 (48
 3) 11 (48 4) 29 (48 5) 23 (49 1) 13 (49 2) 28 (49 3) 17 (49 4) 18 (49 5) 10
 (50 1) 15 (50 2) 16 (50 3) 27 (50 4) 29 (50 5) 19]
Pref: [(1 1) 4 (1 2) 1 (1 3) 3 (1 4) 2 (1 5) 5 (2 1) 3 (2 2) 5 (2 3) 1 (2 4) 4 (2
 5) 2 (3 1) 5 (3 2) 4 (3 3) 1 (3 4) 3 (3 5) 2 (4 1) 3 (4 2) 1 (4 3) 5 (4 4) 4
 (4 5) 2 (5 1) 2 (5 2) 3 (5 3) 5 (5 4) 4 (5 5) 1 (6 1) 1 (6 2) 4 (6 3) 5 (6
 4) 3 (6 5) 2 (7 1) 3 (7 2) 4 (7 3) 5 (7 4) 2 (7 5) 1 (8 1) 5 (8 2) 1 (8 3) 4
 (8 4) 3 (8 5) 2 (9 1) 4 (9 2) 3 (9 3) 5 (9 4) 1 (9 5) 2 (10 1) 3 (10 2) 2
 (10 3) 4 (10 4) 5 (10 5) 1 (11 1) 2 (11 2) 1 (11 3) 5 (11 4) 3 (11 5) 4 (12
 1) 1 (12 2) 3 (12 3) 2 (12 4) 4 (12 5) 5 (13 1) 4 (13 2) 1 (13 3) 5 (13 4) 2
 (13 5) 3 (14 1) 3 (14 2) 5 (14 3) 2 (14 4) 1 (14 5) 4 (15 1) 4 (15 2) 3 (15
 3) 2 (15 4) 5 (15 5) 1 (16 1) 2 (16 2) 3 (16 3) 4 (16 4) 5 (16 5) 1 (17 1) 2
 (17 2) 5 (17 3) 3 (17 4) 1 (17 5) 4 (18 1) 1 (18 2) 5 (18 3) 4 (18 4) 2 (18
 5) 3 (19 1) 3 (19 2) 5 (19 3) 4 (19 4) 2 (19 5) 1 (20 1) 2 (20 2) 3 (20 3) 1
 (20 4) 5 (20 5) 4 (21 1) 2 (21 2) 4 (21 3) 1 (21 4) 5 (21 5) 3 (22 1) 1 (22
 2) 5 (22 3) 3 (22 4) 4 (22 5) 2 (23 1) 1 (23 2) 3 (23 3) 5 (23 4) 2 (23 5) 4
 (24 1) 1 (24 2) 4 (24 3) 5 (24 4) 3 (24 5) 2 (25 1) 4 (25 2) 5 (25 3) 1 (25
 4) 2 (25 5) 3 (26 1) 4 (26 2) 1 (26 3) 3 (26 4) 5 (26 5) 2 (27 1) 3 (27 2) 2
 (27 3) 5 (27 4) 1 (27 5) 4 (28 1) 3 (28 2) 1 (28 3) 4 (28 4) 5 (28 5) 2 (29
 1) 4 (29 2) 1 (29 3) 3 (29 4) 5 (29 5) 2 (30 1) 1 (30 2) 4 (30 3) 5 (30 4) 3
 (30 5) 2 (31 1) 3 (31 2) 2 (31 3) 1 (31 4) 4 (31 5) 5 (32 1) 5 (32 2) 1 (32
 3) 3 (32 4) 4 (32 5) 2 (33 1) 5 (33 2) 4 (33 3) 2 (33 4) 1 (33 5) 3 (34 1) 1
 (34 2) 4 (34 3) 3 (34 4) 2 (34 5) 5 (35 1) 2 (35 2) 1 (35 3) 4 (35 4) 5 (35
 5) 3 (36 1) 1 (36 2) 3 (36 3) 2 (36 4) 5 (36 5) 4 (37 1) 2 (37 2) 1 (37 3) 3
 (37 4) 5 (37 5) 4 (38 1) 5 (38 2) 4 (38 3) 2 (38 4) 3 (38 5) 1 (39 1) 3 (39
 2) 1 (39 3) 5 (39 4) 2 (39 5) 4 (40 1) 2 (40 2) 1 (40 3) 5 (40 4) 3 (40 5) 4
 (41 1) 1 (41 2) 2 (41 3) 3 (41 4) 4 (41 5) 5 (42 1) 3 (42 2) 5 (42 3) 4 (42
 4) 2 (42 5) 1 (43 1) 2 (43 2) 1 (43 3) 4 (43 4) 5 (43 5) 3 (44 1) 2 (44 2) 4
 (44 3) 3 (44 4) 5 (44 5) 1 (45 1) 2 (45 2) 5 (45 3) 1 (45 4) 4 (45 5) 3 (46
 1) 4 (46 2) 3 (46 3) 5 (46 4) 1 (46 5) 2 (47 1) 3 (47 2) 2 (47 3) 4 (47 4) 5
 (47 5) 1 (48 1) 2 (48 2) 3 (48 3) 1 (48 4) 5 (48 5) 4 (49 1) 1 (49 2) 3 (49
 3) 2 (49 4) 5 (49 5) 4 (50 1) 2 (50 2) 1 (50 3) 4 (50 4) 5 (50 5) 3]
