nI: 50
nJ: 5
CapsJ: 12
nIns: 3
CostJ: [(1) 120 (2) 126 (3) 127 (4) 115 (5) 113]
CapJ: [(1) 12 (2) 12 (3) 12 (4) 12 (5) 12]
CostIJ: [(1 1) 13 (1 2) 11 (1 3) 30 (1 4) 25 (1 5) 18 (2 1) 27 (2 2) 30 (2 3) 25 (2
 4) 18 (2 5) 13 (3 1) 18 (3 2) 18 (3 3) 17 (3 4) 19 (3 5) 22 (4 1) 21 (4 2) 17
 (4 3) 10 (4 4) 27 (4 5) 19 (5 1) 30 (5 2) 20 (5 3) 13 (5 4) 28 (5 5) 10 (6
 1) 25 (6 2) 30 (6 3) 25 (6 4) 21 (6 5) 16 (7 1) 12 (7 2) 24 (7 3) 27 (7 4) 17
 (7 5) 20 (8 1) 13 (8 2) 21 (8 3) 29 (8 4) 28 (8 5) 11 (9 1) 29 (9 2) 14 (9
 3) 20 (9 4) 22 (9 5) 13 (10 1) 24 (10 2) 22 (10 3) 13 (10 4) 17 (10 5) 24
 (11 1) 11 (11 2) 12 (11 3) 25 (11 4) 17 (11 5) 30 (12 1) 29 (12 2) 11 (12
 3) 25 (12 4) 15 (12 5) 16 (13 1) 14 (13 2) 28 (13 3) 23 (13 4) 21 (13 5) 10
 (14 1) 16 (14 2) 17 (14 3) 28 (14 4) 16 (14 5) 26 (15 1) 22 (15 2) 27 (15
 3) 23 (15 4) 24 (15 5) 26 (16 1) 11 (16 2) 16 (16 3) 12 (16 4) 22 (16 5) 26
 (17 1) 11 (17 2) 25 (17 3) 23 (17 4) 27 (17 5) 16 (18 1) 12 (18 2) 30 (18
 3) 20 (18 4) 20 (18 5) 12 (19 1) 10 (19 2) 14 (19 3) 26 (19 4) 11 (19 5) 11
 (20 1) 25 (20 2) 15 (20 3) 17 (20 4) 23 (20 5) 17 (21 1) 22 (21 2) 17 (21
 3) 10 (21 4) 17 (21 5) 20 (22 1) 30 (22 2) 13 (22 3) 17 (22 4) 11 (22 5) 11
 (23 1) 20 (23 2) 23 (23 3) 27 (23 4) 19 (23 5) 10 (24 1) 11 (24 2) 14 (24
 3) 18 (24 4) 16 (24 5) 29 (25 1) 10 (25 2) 25 (25 3) 22 (25 4) 20 (25 5) 21
 (26 1) 19 (26 2) 27 (26 3) 25 (26 4) 23 (26 5) 17 (27 1) 25 (27 2) 22 (27
 3) 15 (27 4) 16 (27 5) 30 (28 1) 15 (28 2) 24 (28 3) 27 (28 4) 17 (28 5) 14
 (29 1) 16 (29 2) 22 (29 3) 11 (29 4) 19 (29 5) 28 (30 1) 27 (30 2) 24 (30
 3) 25 (30 4) 23 (30 5) 27 (31 1) 18 (31 2) 17 (31 3) 15 (31 4) 16 (31 5) 27
 (32 1) 19 (32 2) 26 (32 3) 13 (32 4) 26 (32 5) 29 (33 1) 21 (33 2) 12 (33
 3) 19 (33 4) 16 (33 5) 15 (34 1) 19 (34 2) 20 (34 3) 12 (34 4) 13 (34 5) 18
 (35 1) 10 (35 2) 29 (35 3) 11 (35 4) 13 (35 5) 22 (36 1) 28 (36 2) 18 (36
 3) 11 (36 4) 16 (36 5) 27 (37 1) 12 (37 2) 14 (37 3) 24 (37 4) 24 (37 5) 23
 (38 1) 27 (38 2) 26 (38 3) 17 (38 4) 13 (38 5) 18 (39 1) 17 (39 2) 30 (39
 3) 12 (39 4) 13 (39 5) 23 (40 1) 29 (40 2) 20 (40 3) 17 (40 4) 24 (40 5) 11
 (41 1) 30 (41 2) 19 (41 3) 26 (41 4) 17 (41 5) 23 (42 1) 26 (42 2) 10 (42
 3) 21 (42 4) 18 (42 5) 25 (43 1) 18 (43 2) 18 (43 3) 14 (43 4) 26 (43 5) 29
 (44 1) 16 (44 2) 29 (44 3) 21 (44 4) 19 (44 5) 19 (45 1) 18 (45 2) 28 (45
 3) 30 (45 4) 29 (45 5) 24 (46 1) 21 (46 2) 25 (46 3) 11 (46 4) 11 (46 5) 20
 (47 1) 20 (47 2) 13 (47 3) 15 (47 4) 30 (47 5) 14 (48 1) 13 (48 2) 18 (48
 3) 11 (48 4) 27 (48 5) 12 (49 1) 17 (49 2) 20 (49 3) 28 (49 4) 30 (49 5) 20
 (50 1) 14 (50 2) 28 (50 3) 30 (50 4) 25 (50 5) 14]
Pref: [(1 1) 5 (1 2) 4 (1 3) 2 (1 4) 3 (1 5) 1 (2 1) 3 (2 2) 2 (2 3) 1 (2 4) 5 (2
 5) 4 (3 1) 3 (3 2) 2 (3 3) 5 (3 4) 1 (3 5) 4 (4 1) 4 (4 2) 3 (4 3) 5 (4 4) 1
 (4 5) 2 (5 1) 2 (5 2) 4 (5 3) 1 (5 4) 3 (5 5) 5 (6 1) 2 (6 2) 4 (6 3) 3 (6
 4) 1 (6 5) 5 (7 1) 4 (7 2) 2 (7 3) 5 (7 4) 3 (7 5) 1 (8 1) 3 (8 2) 1 (8 3) 4
 (8 4) 5 (8 5) 2 (9 1) 2 (9 2) 4 (9 3) 3 (9 4) 1 (9 5) 5 (10 1) 2 (10 2) 4
 (10 3) 1 (10 4) 3 (10 5) 5 (11 1) 3 (11 2) 2 (11 3) 5 (11 4) 1 (11 5) 4 (12
 1) 3 (12 2) 2 (12 3) 4 (12 4) 5 (12 5) 1 (13 1) 4 (13 2) 3 (13 3) 1 (13 4) 2
 (13 5) 5 (14 1) 2 (14 2) 4 (14 3) 3 (14 4) 1 (14 5) 5 (15 1) 3 (15 2) 2 (15
 3) 1 (15 4) 4 (15 5) 5 (16 1) 5 (16 2) 2 (16 3) 1 (16 4) 3 (16 5) 4 (17 1) 2
 (17 2) 3 (17 3) 5 (17 4) 1 (17 5) 4 (18 1) 5 (18 2) 3 (18 3) 4 (18 4) 2 (18
 5) 1 (19 1) 1 (19 2) 3 (19 3) 4 (19 4) 2 (19 5) 5 (20 1) 1 (20 2) 4 (20 3) 5
 (20 4) 3 (20 5) 2 (21 1) 4 (21 2) 1 (21 3) 2 (21 4) 3 (21 5) 5 (22 1) 4 (22
 2) 5 (22 3) 3 (22 4) 2 (22 5) 1 (23 1) 2 (23 2) 1 (23 3) 3 (23 4) 5 (23 5) 4
 (24 1) 2 (24 2) 4 (24 3) 3 (24 4) 1 (24 5) 5 (25 1) 3 (25 2) 1 (25 3) 4 (25
 4) 2 (25 5) 5 (26 1) 5 (26 2) 2 (26 3) 3 (26 4) 4 (26 5) 1 (27 1) 5 (27 2) 3
 (27 3) 1 (27 4) 4 (27 5) 2 (28 1) 1 (28 2) 2 (28 3) 4 (28 4) 5 (28 5) 3 (29
 1) 4 (29 2) 1 (29 3) 5 (29 4) 2 (29 5) 3 (30 1) 4 (30 2) 1 (30 3) 3 (30 4) 5
 (30 5) 2 (31 1) 3 (31 2) 5 (31 3) 1 (31 4) 4 (31 5) 2 (32 1) 1 (32 2) 3 (32
 3) 5 (32 4) 2 (32 5) 4 (33 1) 4 (33 2) 2 (33 3) 3 (33 4) 1 (33 5) 5 (34 1) 3
 (34 2) 4 (34 3) 5 (34 4) 2 (34 5) 1 (35 1) 5 (35 2) 2 (35 3) 4 (35 4) 1 (35
 5) 3 (36 1) 2 (36 2) 4 (36 3) 3 (36 4) 5 (36 5) 1 (37 1) 2 (37 2) 3 (37 3) 1
 (37 4) 5 (37 5) 4 (38 1) 4 (38 2) 1 (38 3) 2 (38 4) 3 (38 5) 5 (39 1) 3 (39
 2) 2 (39 3) 5 (39 4) 4 (39 5) 1 (40 1) 2 (40 2) 5 (40 3) 1 (40 4) 3 (40 5) 4
 (41 1) 4 (41 2) 1 (41 3) 2 (41 4) 3 (41 5) 5 (42 1) 4 (42 2) 5 (42 3) 2 (42
 4) 1 (42 5) 3 (43 1) 3 (43 2) 4 (43 3) 2 (43 4) 5 (43 5) 1 (44 1) 5 (44 2) 3
 (44 3) 2 (44 4) 1 (44 5) 4 (45 1) 4 (45 2) 5 (45 3) 2 (45 4) 1 (45 5) 3 (46
 1) 3 (46 2) 1 (46 3) 5 (46 4) 4 (46 5) 2 (47 1) 5 (47 2) 2 (47 3) 1 (47 4) 4
 (47 5) 3 (48 1) 1 (48 2) 2 (48 3) 5 (48 4) 3 (48 5) 4 (49 1) 2 (49 2) 1 (49
 3) 3 (49 4) 4 (49 5) 5 (50 1) 1 (50 2) 4 (50 3) 2 (50 4) 5 (50 5) 3]
