nI: 100
nJ: 10
CapsJ: 24
nIns: 3
CostJ: [(1) 108 (2) 130 (3) 109 (4) 103 (5) 127 (6) 124 (7) 129 (8) 107 (9) 126 (10) 129]
CapJ: [(1) 24 (2) 24 (3) 24 (4) 24 (5) 24 (6) 24 (7) 24 (8) 24 (9) 24 (10) 24]
CostIJ: [(1 1) 12 (1 2) 16 (1 3) 22 (1 4) 24 (1 5) 21 (1 6) 10 (1 7) 30 (1 8) 12 (1
 9) 30 (1 10) 19 (2 1) 18 (2 2) 17 (2 3) 10 (2 4) 14 (2 5) 25 (2 6) 22 (2 7) 23
 (2 8) 23 (2 9) 20 (2 10) 18 (3 1) 15 (3 2) 28 (3 3) 22 (3 4) 13 (3 5) 19 (3
 6) 11 (3 7) 25 (3 8) 28 (3 9) 27 (3 10) 10 (4 1) 14 (4 2) 21 (4 3) 20 (4 4) 14
 (4 5) 12 (4 6) 10 (4 7) 25 (4 8) 26 (4 9) 28 (4 10) 19 (5 1) 18 (5 2) 17 (5
 3) 27 (5 4) 29 (5 5) 28 (5 6) 22 (5 7) 19 (5 8) 28 (5 9) 18 (5 10) 11 (6 1) 15
 (6 2) 25 (6 3) 10 (6 4) 20 (6 5) 18 (6 6) 13 (6 7) 10 (6 8) 18 (6 9) 13 (6
 10) 25 (7 1) 20 (7 2) 18 (7 3) 13 (7 4) 12 (7 5) 14 (7 6) 12 (7 7) 22 (7 8) 25
 (7 9) 25 (7 10) 27 (8 1) 24 (8 2) 11 (8 3) 14 (8 4) 15 (8 5) 27 (8 6) 26 (8
 7) 22 (8 8) 18 (8 9) 18 (8 10) 11 (9 1) 27 (9 2) 19 (9 3) 12 (9 4) 25 (9 5) 23
 (9 6) 15 (9 7) 14 (9 8) 28 (9 9) 17 (9 10) 30 (10 1) 25 (10 2) 15 (10 3) 12
 (10 4) 12 (10 5) 22 (10 6) 27 (10 7) 29 (10 8) 30 (10 9) 15 (10 10) 17 (11
 1) 18 (11 2) 27 (11 3) 13 (11 4) 12 (11 5) 13 (11 6) 14 (11 7) 12 (11 8) 27
 (11 9) 18 (11 10) 13 (12 1) 28 (12 2) 30 (12 3) 10 (12 4) 20 (12 5) 23 (12
 6) 13 (12 7) 18 (12 8) 13 (12 9) 25 (12 10) 22 (13 1) 15 (13 2) 19 (13 3) 15
 (13 4) 21 (13 5) 16 (13 6) 15 (13 7) 11 (13 8) 21 (13 9) 25 (13 10) 29 (14
 1) 16 (14 2) 18 (14 3) 14 (14 4) 29 (14 5) 12 (14 6) 11 (14 7) 24 (14 8) 15
 (14 9) 22 (14 10) 17 (15 1) 17 (15 2) 21 (15 3) 15 (15 4) 16 (15 5) 29 (15
 6) 30 (15 7) 30 (15 8) 11 (15 9) 21 (15 10) 17 (16 1) 26 (16 2) 24 (16 3) 10
 (16 4) 23 (16 5) 20 (16 6) 23 (16 7) 14 (16 8) 19 (16 9) 12 (16 10) 26 (17
 1) 24 (17 2) 24 (17 3) 23 (17 4) 29 (17 5) 19 (17 6) 15 (17 7) 28 (17 8) 29
 (17 9) 10 (17 10) 23 (18 1) 12 (18 2) 26 (18 3) 28 (18 4) 19 (18 5) 21 (18
 6) 14 (18 7) 23 (18 8) 20 (18 9) 29 (18 10) 19 (19 1) 24 (19 2) 26 (19 3) 26
 (19 4) 19 (19 5) 28 (19 6) 21 (19 7) 22 (19 8) 12 (19 9) 26 (19 10) 18 (20
 1) 28 (20 2) 29 (20 3) 11 (20 4) 19 (20 5) 12 (20 6) 11 (20 7) 11 (20 8) 27
 (20 9) 25 (20 10) 20 (21 1) 12 (21 2) 16 (21 3) 18 (21 4) 12 (21 5) 16 (21
 6) 26 (21 7) 16 (21 8) 28 (21 9) 18 (21 10) 16 (22 1) 29 (22 2) 28 (22 3) 30
 (22 4) 27 (22 5) 20 (22 6) 14 (22 7) 11 (22 8) 18 (22 9) 28 (22 10) 25 (23
 1) 12 (23 2) 10 (23 3) 22 (23 4) 25 (23 5) 24 (23 6) 23 (23 7) 19 (23 8) 17
 (23 9) 26 (23 10) 24 (24 1) 22 (24 2) 29 (24 3) 23 (24 4) 29 (24 5) 22 (24
 6) 18 (24 7) 14 (24 8) 13 (24 9) 11 (24 10) 15 (25 1) 21 (25 2) 19 (25 3) 14
 (25 4) 24 (25 5) 12 (25 6) 19 (25 7) 11 (25 8) 18 (25 9) 26 (25 10) 30 (26
 1) 12 (26 2) 11 (26 3) 16 (26 4) 17 (26 5) 24 (26 6) 22 (26 7) 18 (26 8) 25
 (26 9) 10 (26 10) 11 (27 1) 22 (27 2) 22 (27 3) 28 (27 4) 26 (27 5) 10 (27
 6) 23 (27 7) 13 (27 8) 23 (27 9) 18 (27 10) 20 (28 1) 11 (28 2) 14 (28 3) 27
 (28 4) 27 (28 5) 24 (28 6) 27 (28 7) 19 (28 8) 18 (28 9) 27 (28 10) 29 (29
 1) 24 (29 2) 19 (29 3) 13 (29 4) 22 (29 5) 28 (29 6) 12 (29 7) 17 (29 8) 19
 (29 9) 17 (29 10) 14 (30 1) 29 (30 2) 12 (30 3) 23 (30 4) 15 (30 5) 28 (30
 6) 29 (30 7) 29 (30 8) 18 (30 9) 10 (30 10) 14 (31 1) 20 (31 2) 22 (31 3) 30
 (31 4) 16 (31 5) 25 (31 6) 26 (31 7) 23 (31 8) 24 (31 9) 20 (31 10) 29 (32
 1) 16 (32 2) 23 (32 3) 11 (32 4) 21 (32 5) 10 (32 6) 14 (32 7) 30 (32 8) 22
 (32 9) 23 (32 10) 20 (33 1) 29 (33 2) 23 (33 3) 11 (33 4) 30 (33 5) 25 (33
 6) 19 (33 7) 18 (33 8) 23 (33 9) 27 (33 10) 24 (34 1) 19 (34 2) 30 (34 3) 24
 (34 4) 26 (34 5) 21 (34 6) 23 (34 7) 10 (34 8) 30 (34 9) 26 (34 10) 25 (35
 1) 24 (35 2) 11 (35 3) 24 (35 4) 10 (35 5) 17 (35 6) 29 (35 7) 22 (35 8) 23
 (35 9) 29 (35 10) 27 (36 1) 16 (36 2) 11 (36 3) 21 (36 4) 22 (36 5) 24 (36
 6) 12 (36 7) 17 (36 8) 27 (36 9) 23 (36 10) 30 (37 1) 30 (37 2) 30 (37 3) 19
 (37 4) 28 (37 5) 17 (37 6) 13 (37 7) 27 (37 8) 21 (37 9) 26 (37 10) 14 (38
 1) 16 (38 2) 25 (38 3) 24 (38 4) 17 (38 5) 26 (38 6) 17 (38 7) 27 (38 8) 26
 (38 9) 10 (38 10) 27 (39 1) 12 (39 2) 17 (39 3) 20 (39 4) 11 (39 5) 17 (39
 6) 21 (39 7) 28 (39 8) 21 (39 9) 17 (39 10) 18 (40 1) 19 (40 2) 12 (40 3) 12
 (40 4) 16 (40 5) 15 (40 6) 26 (40 7) 15 (40 8) 29 (40 9) 13 (40 10) 15 (41
 1) 10 (41 2) 30 (41 3) 30 (41 4) 27 (41 5) 28 (41 6) 24 (41 7) 22 (41 8) 22
 (41 9) 15 (41 10) 16 (42 1) 13 (42 2) 21 (42 3) 15 (42 4) 30 (42 5) 30 (42
 6) 26 (42 7) 26 (42 8) 30 (42 9) 11 (42 10) 29 (43 1) 15 (43 2) 28 (43 3) 24
 (43 4) 24 (43 5) 16 (43 6) 13 (43 7) 18 (43 8) 14 (43 9) 10 (43 10) 27 (44
 1) 13 (44 2) 24 (44 3) 15 (44 4) 28 (44 5) 23 (44 6) 17 (44 7) 27 (44 8) 26
 (44 9) 23 (44 10) 20 (45 1) 14 (45 2) 18 (45 3) 20 (45 4) 23 (45 5) 19 (45
 6) 21 (45 7) 18 (45 8) 11 (45 9) 17 (45 10) 28 (46 1) 28 (46 2) 19 (46 3) 22
 (46 4) 25 (46 5) 11 (46 6) 18 (46 7) 15 (46 8) 15 (46 9) 30 (46 10) 29 (47
 1) 14 (47 2) 13 (47 3) 21 (47 4) 19 (47 5) 27 (47 6) 18 (47 7) 22 (47 8) 25
 (47 9) 19 (47 10) 11 (48 1) 17 (48 2) 29 (48 3) 21 (48 4) 14 (48 5) 12 (48
 6) 20 (48 7) 16 (48 8) 22 (48 9) 30 (48 10) 28 (49 1) 11 (49 2) 12 (49 3) 11
 (49 4) 17 (49 5) 12 (49 6) 15 (49 7) 20 (49 8) 12 (49 9) 29 (49 10) 26 (50
 1) 20 (50 2) 21 (50 3) 15 (50 4) 19 (50 5) 16 (50 6) 23 (50 7) 27 (50 8) 17
 (50 9) 20 (50 10) 25 (51 1) 25 (51 2) 23 (51 3) 21 (51 4) 15 (51 5) 30 (51
 6) 21 (51 7) 22 (51 8) 25 (51 9) 22 (51 10) 14 (52 1) 12 (52 2) 26 (52 3) 29
 (52 4) 13 (52 5) 21 (52 6) 22 (52 7) 15 (52 8) 12 (52 9) 13 (52 10) 20 (53
 1) 26 (53 2) 10 (53 3) 29 (53 4) 24 (53 5) 24 (53 6) 19 (53 7) 20 (53 8) 20
 (53 9) 12 (53 10) 28 (54 1) 30 (54 2) 16 (54 3) 15 (54 4) 20 (54 5) 20 (54
 6) 18 (54 7) 26 (54 8) 19 (54 9) 16 (54 10) 17 (55 1) 15 (55 2) 12 (55 3) 12
 (55 4) 26 (55 5) 30 (55 6) 17 (55 7) 28 (55 8) 28 (55 9) 12 (55 10) 11 (56
 1) 21 (56 2) 13 (56 3) 30 (56 4) 15 (56 5) 10 (56 6) 29 (56 7) 10 (56 8) 23
 (56 9) 17 (56 10) 25 (57 1) 18 (57 2) 30 (57 3) 18 (57 4) 27 (57 5) 20 (57
 6) 13 (57 7) 29 (57 8) 11 (57 9) 18 (57 10) 11 (58 1) 14 (58 2) 14 (58 3) 28
 (58 4) 23 (58 5) 21 (58 6) 12 (58 7) 14 (58 8) 18 (58 9) 19 (58 10) 12 (59
 1) 16 (59 2) 17 (59 3) 23 (59 4) 29 (59 5) 21 (59 6) 15 (59 7) 15 (59 8) 15
 (59 9) 30 (59 10) 21 (60 1) 12 (60 2) 13 (60 3) 12 (60 4) 16 (60 5) 18 (60
 6) 29 (60 7) 14 (60 8) 18 (60 9) 10 (60 10) 10 (61 1) 13 (61 2) 27 (61 3) 22
 (61 4) 12 (61 5) 28 (61 6) 19 (61 7) 24 (61 8) 14 (61 9) 24 (61 10) 16 (62
 1) 17 (62 2) 11 (62 3) 16 (62 4) 25 (62 5) 23 (62 6) 19 (62 7) 16 (62 8) 23
 (62 9) 28 (62 10) 11 (63 1) 22 (63 2) 30 (63 3) 19 (63 4) 13 (63 5) 21 (63
 6) 21 (63 7) 15 (63 8) 16 (63 9) 14 (63 10) 12 (64 1) 18 (64 2) 18 (64 3) 28
 (64 4) 14 (64 5) 15 (64 6) 10 (64 7) 11 (64 8) 12 (64 9) 26 (64 10) 17 (65
 1) 12 (65 2) 14 (65 3) 15 (65 4) 30 (65 5) 21 (65 6) 25 (65 7) 30 (65 8) 14
 (65 9) 18 (65 10) 21 (66 1) 15 (66 2) 26 (66 3) 27 (66 4) 16 (66 5) 13 (66
 6) 21 (66 7) 22 (66 8) 29 (66 9) 20 (66 10) 17 (67 1) 15 (67 2) 11 (67 3) 11
 (67 4) 28 (67 5) 18 (67 6) 26 (67 7) 19 (67 8) 12 (67 9) 10 (67 10) 19 (68
 1) 12 (68 2) 24 (68 3) 29 (68 4) 20 (68 5) 14 (68 6) 18 (68 7) 12 (68 8) 19
 (68 9) 11 (68 10) 12 (69 1) 21 (69 2) 21 (69 3) 25 (69 4) 23 (69 5) 23 (69
 6) 20 (69 7) 19 (69 8) 13 (69 9) 12 (69 10) 19 (70 1) 24 (70 2) 19 (70 3) 18
 (70 4) 15 (70 5) 15 (70 6) 27 (70 7) 29 (70 8) 12 (70 9) 30 (70 10) 28 (71
 1) 18 (71 2) 12 (71 3) 29 (71 4) 22 (71 5) 28 (71 6) 12 (71 7) 16 (71 8) 18
 (71 9) 14 (71 10) 19 (72 1) 24 (72 2) 30 (72 3) 19 (72 4) 17 (72 5) 27 (72
 6) 26 (72 7) 11 (72 8) 15 (72 9) 22 (72 10) 22 (73 1) 25 (73 2) 15 (73 3) 30
 (73 4) 14 (73 5) 22 (73 6) 23 (73 7) 29 (73 8) 11 (73 9) 21 (73 10) 14 (74
 1) 21 (74 2) 19 (74 3) 21 (74 4) 27 (74 5) 11 (74 6) 20 (74 7) 20 (74 8) 18
 (74 9) 18 (74 10) 12 (75 1) 22 (75 2) 21 (75 3) 12 (75 4) 30 (75 5) 12 (75
 6) 28 (75 7) 15 (75 8) 17 (75 9) 19 (75 10) 16 (76 1) 13 (76 2) 12 (76 3) 14
 (76 4) 29 (76 5) 10 (76 6) 18 (76 7) 25 (76 8) 11 (76 9) 19 (76 10) 26 (77
 1) 20 (77 2) 16 (77 3) 29 (77 4) 24 (77 5) 25 (77 6) 14 (77 7) 17 (77 8) 30
 (77 9) 14 (77 10) 13 (78 1) 27 (78 2) 15 (78 3) 29 (78 4) 10 (78 5) 11 (78
 6) 14 (78 7) 14 (78 8) 27 (78 9) 17 (78 10) 12 (79 1) 27 (79 2) 16 (79 3) 10
 (79 4) 11 (79 5) 29 (79 6) 24 (79 7) 22 (79 8) 22 (79 9) 28 (79 10) 30 (80
 1) 12 (80 2) 30 (80 3) 20 (80 4) 17 (80 5) 22 (80 6) 15 (80 7) 21 (80 8) 19
 (80 9) 23 (80 10) 27 (81 1) 23 (81 2) 15 (81 3) 14 (81 4) 13 (81 5) 28 (81
 6) 12 (81 7) 28 (81 8) 13 (81 9) 18 (81 10) 16 (82 1) 12 (82 2) 29 (82 3) 25
 (82 4) 15 (82 5) 30 (82 6) 19 (82 7) 24 (82 8) 15 (82 9) 21 (82 10) 26 (83
 1) 16 (83 2) 17 (83 3) 16 (83 4) 29 (83 5) 15 (83 6) 19 (83 7) 13 (83 8) 28
 (83 9) 15 (83 10) 21 (84 1) 18 (84 2) 15 (84 3) 27 (84 4) 26 (84 5) 26 (84
 6) 21 (84 7) 13 (84 8) 14 (84 9) 16 (84 10) 14 (85 1) 20 (85 2) 16 (85 3) 17
 (85 4) 17 (85 5) 19 (85 6) 29 (85 7) 20 (85 8) 29 (85 9) 10 (85 10) 27 (86
 1) 30 (86 2) 16 (86 3) 29 (86 4) 30 (86 5) 25 (86 6) 18 (86 7) 13 (86 8) 23
 (86 9) 21 (86 10) 14 (87 1) 17 (87 2) 12 (87 3) 23 (87 4) 12 (87 5) 26 (87
 6) 24 (87 7) 28 (87 8) 27 (87 9) 19 (87 10) 12 (88 1) 28 (88 2) 21 (88 3) 23
 (88 4) 16 (88 5) 10 (88 6) 23 (88 7) 27 (88 8) 11 (88 9) 14 (88 10) 30 (89
 1) 17 (89 2) 10 (89 3) 13 (89 4) 15 (89 5) 21 (89 6) 10 (89 7) 30 (89 8) 23
 (89 9) 26 (89 10) 24 (90 1) 23 (90 2) 12 (90 3) 27 (90 4) 29 (90 5) 14 (90
 6) 18 (90 7) 19 (90 8) 12 (90 9) 24 (90 10) 25 (91 1) 29 (91 2) 18 (91 3) 25
 (91 4) 10 (91 5) 11 (91 6) 15 (91 7) 21 (91 8) 16 (91 9) 27 (91 10) 25 (92
 1) 15 (92 2) 25 (92 3) 22 (92 4) 15 (92 5) 23 (92 6) 10 (92 7) 14 (92 8) 18
 (92 9) 26 (92 10) 28 (93 1) 17 (93 2) 17 (93 3) 23 (93 4) 19 (93 5) 22 (93
 6) 16 (93 7) 14 (93 8) 26 (93 9) 14 (93 10) 15 (94 1) 12 (94 2) 15 (94 3) 26
 (94 4) 18 (94 5) 22 (94 6) 20 (94 7) 16 (94 8) 29 (94 9) 19 (94 10) 20 (95
 1) 26 (95 2) 12 (95 3) 16 (95 4) 10 (95 5) 26 (95 6) 27 (95 7) 11 (95 8) 16
 (95 9) 27 (95 10) 16 (96 1) 27 (96 2) 22 (96 3) 20 (96 4) 14 (96 5) 24 (96
 6) 19 (96 7) 27 (96 8) 21 (96 9) 21 (96 10) 30 (97 1) 25 (97 2) 10 (97 3) 26
 (97 4) 11 (97 5) 24 (97 6) 21 (97 7) 22 (97 8) 29 (97 9) 14 (97 10) 25 (98
 1) 30 (98 2) 21 (98 3) 14 (98 4) 18 (98 5) 11 (98 6) 13 (98 7) 30 (98 8) 21
 (98 9) 28 (98 10) 27 (99 1) 18 (99 2) 29 (99 3) 17 (99 4) 22 (99 5) 19 (99
 6) 13 (99 7) 29 (99 8) 16 (99 9) 28 (99 10) 30 (100 1) 24 (100 2) 20 (100
 3) 13 (100 4) 20 (100 5) 12 (100 6) 12 (100 7) 28 (100 8) 27 (100 9) 14 (100
 10) 24]
Pref: [(1 1) 2 (1 2) 5 (1 3) 3 (1 4) 9 (1 5) 4 (1 6) 6 (1 7) 7 (1 8) 8 (1 9) 1 (1
 10) 10 (2 1) 9 (2 2) 2 (2 3) 10 (2 4) 4 (2 5) 1 (2 6) 5 (2 7) 6 (2 8) 8 (2
 9) 7 (2 10) 3 (3 1) 4 (3 2) 5 (3 3) 10 (3 4) 7 (3 5) 2 (3 6) 8 (3 7) 3 (3
 8) 9 (3 9) 6 (3 10) 1 (4 1) 6 (4 2) 3 (4 3) 4 (4 4) 5 (4 5) 7 (4 6) 10 (4
 7) 8 (4 8) 9 (4 9) 2 (4 10) 1 (5 1) 1 (5 2) 7 (5 3) 9 (5 4) 10 (5 5) 4 (5
 6) 6 (5 7) 2 (5 8) 3 (5 9) 5 (5 10) 8 (6 1) 7 (6 2) 4 (6 3) 9 (6 4) 3 (6 5) 6
 (6 6) 8 (6 7) 2 (6 8) 5 (6 9) 1 (6 10) 10 (7 1) 5 (7 2) 8 (7 3) 10 (7 4) 3
 (7 5) 2 (7 6) 7 (7 7) 1 (7 8) 9 (7 9) 4 (7 10) 6 (8 1) 9 (8 2) 8 (8 3) 1 (8
 4) 6 (8 5) 5 (8 6) 4 (8 7) 10 (8 8) 7 (8 9) 3 (8 10) 2 (9 1) 7 (9 2) 8 (9
 3) 5 (9 4) 3 (9 5) 1 (9 6) 6 (9 7) 9 (9 8) 2 (9 9) 4 (9 10) 10 (10 1) 8 (10
 2) 2 (10 3) 7 (10 4) 5 (10 5) 1 (10 6) 3 (10 7) 9 (10 8) 10 (10 9) 6 (10 10) 4
 (11 1) 6 (11 2) 2 (11 3) 7 (11 4) 9 (11 5) 8 (11 6) 3 (11 7) 1 (11 8) 4 (11
 9) 5 (11 10) 10 (12 1) 3 (12 2) 9 (12 3) 6 (12 4) 4 (12 5) 10 (12 6) 1 (12
 7) 2 (12 8) 8 (12 9) 5 (12 10) 7 (13 1) 2 (13 2) 9 (13 3) 7 (13 4) 5 (13 5) 8
 (13 6) 4 (13 7) 10 (13 8) 6 (13 9) 1 (13 10) 3 (14 1) 10 (14 2) 4 (14 3) 3
 (14 4) 6 (14 5) 2 (14 6) 9 (14 7) 5 (14 8) 1 (14 9) 8 (14 10) 7 (15 1) 2 (15
 2) 7 (15 3) 4 (15 4) 1 (15 5) 3 (15 6) 9 (15 7) 8 (15 8) 10 (15 9) 6 (15 10) 5
 (16 1) 9 (16 2) 6 (16 3) 2 (16 4) 7 (16 5) 8 (16 6) 5 (16 7) 1 (16 8) 4 (16
 9) 10 (16 10) 3 (17 1) 8 (17 2) 7 (17 3) 3 (17 4) 9 (17 5) 4 (17 6) 1 (17
 7) 5 (17 8) 2 (17 9) 10 (17 10) 6 (18 1) 3 (18 2) 4 (18 3) 8 (18 4) 7 (18
 5) 2 (18 6) 6 (18 7) 9 (18 8) 10 (18 9) 5 (18 10) 1 (19 1) 4 (19 2) 1 (19
 3) 2 (19 4) 6 (19 5) 3 (19 6) 9 (19 7) 7 (19 8) 5 (19 9) 8 (19 10) 10 (20
 1) 6 (20 2) 1 (20 3) 9 (20 4) 2 (20 5) 8 (20 6) 5 (20 7) 10 (20 8) 4 (20 9) 3
 (20 10) 7 (21 1) 6 (21 2) 3 (21 3) 2 (21 4) 7 (21 5) 8 (21 6) 1 (21 7) 5 (21
 8) 10 (21 9) 4 (21 10) 9 (22 1) 4 (22 2) 7 (22 3) 6 (22 4) 9 (22 5) 1 (22
 6) 2 (22 7) 3 (22 8) 8 (22 9) 10 (22 10) 5 (23 1) 1 (23 2) 3 (23 3) 5 (23
 4) 2 (23 5) 4 (23 6) 7 (23 7) 8 (23 8) 10 (23 9) 9 (23 10) 6 (24 1) 3 (24
 2) 8 (24 3) 6 (24 4) 5 (24 5) 2 (24 6) 7 (24 7) 10 (24 8) 9 (24 9) 1 (24 10) 4
 (25 1) 6 (25 2) 8 (25 3) 10 (25 4) 2 (25 5) 5 (25 6) 7 (25 7) 9 (25 8) 4 (25
 9) 1 (25 10) 3 (26 1) 7 (26 2) 1 (26 3) 2 (26 4) 3 (26 5) 4 (26 6) 6 (26 7) 10
 (26 8) 9 (26 9) 5 (26 10) 8 (27 1) 1 (27 2) 7 (27 3) 3 (27 4) 4 (27 5) 9 (27
 6) 2 (27 7) 6 (27 8) 10 (27 9) 8 (27 10) 5 (28 1) 3 (28 2) 8 (28 3) 4 (28
 4) 1 (28 5) 6 (28 6) 10 (28 7) 5 (28 8) 7 (28 9) 9 (28 10) 2 (29 1) 2 (29
 2) 4 (29 3) 6 (29 4) 9 (29 5) 3 (29 6) 8 (29 7) 10 (29 8) 5 (29 9) 1 (29 10) 7
 (30 1) 4 (30 2) 2 (30 3) 5 (30 4) 8 (30 5) 7 (30 6) 1 (30 7) 10 (30 8) 6 (30
 9) 3 (30 10) 9 (31 1) 3 (31 2) 6 (31 3) 5 (31 4) 4 (31 5) 1 (31 6) 10 (31
 7) 9 (31 8) 8 (31 9) 2 (31 10) 7 (32 1) 8 (32 2) 1 (32 3) 6 (32 4) 4 (32 5) 10
 (32 6) 2 (32 7) 7 (32 8) 3 (32 9) 5 (32 10) 9 (33 1) 3 (33 2) 8 (33 3) 2 (33
 4) 4 (33 5) 10 (33 6) 6 (33 7) 1 (33 8) 9 (33 9) 5 (33 10) 7 (34 1) 1 (34
 2) 4 (34 3) 5 (34 4) 2 (34 5) 9 (34 6) 6 (34 7) 10 (34 8) 8 (34 9) 3 (34 10) 7
 (35 1) 10 (35 2) 6 (35 3) 4 (35 4) 2 (35 5) 1 (35 6) 9 (35 7) 3 (35 8) 7 (35
 9) 5 (35 10) 8 (36 1) 3 (36 2) 1 (36 3) 6 (36 4) 8 (36 5) 4 (36 6) 10 (36
 7) 2 (36 8) 9 (36 9) 5 (36 10) 7 (37 1) 6 (37 2) 10 (37 3) 4 (37 4) 3 (37
 5) 5 (37 6) 2 (37 7) 9 (37 8) 1 (37 9) 8 (37 10) 7 (38 1) 3 (38 2) 4 (38 3) 5
 (38 4) 9 (38 5) 1 (38 6) 10 (38 7) 8 (38 8) 6 (38 9) 2 (38 10) 7 (39 1) 5
 (39 2) 10 (39 3) 4 (39 4) 1 (39 5) 8 (39 6) 3 (39 7) 9 (39 8) 7 (39 9) 2 (39
 10) 6 (40 1) 4 (40 2) 7 (40 3) 5 (40 4) 1 (40 5) 10 (40 6) 6 (40 7) 3 (40
 8) 8 (40 9) 9 (40 10) 2 (41 1) 8 (41 2) 2 (41 3) 5 (41 4) 1 (41 5) 6 (41 6) 3
 (41 7) 9 (41 8) 4 (41 9) 7 (41 10) 10 (42 1) 2 (42 2) 8 (42 3) 5 (42 4) 6
 (42 5) 9 (42 6) 3 (42 7) 10 (42 8) 1 (42 9) 7 (42 10) 4 (43 1) 6 (43 2) 7
 (43 3) 8 (43 4) 5 (43 5) 9 (43 6) 1 (43 7) 4 (43 8) 2 (43 9) 10 (43 10) 3
 (44 1) 8 (44 2) 5 (44 3) 6 (44 4) 9 (44 5) 3 (44 6) 1 (44 7) 10 (44 8) 4 (44
 9) 2 (44 10) 7 (45 1) 7 (45 2) 6 (45 3) 10 (45 4) 8 (45 5) 2 (45 6) 5 (45
 7) 4 (45 8) 3 (45 9) 1 (45 10) 9 (46 1) 5 (46 2) 8 (46 3) 7 (46 4) 4 (46 5) 9
 (46 6) 10 (46 7) 2 (46 8) 6 (46 9) 3 (46 10) 1 (47 1) 2 (47 2) 9 (47 3) 5
 (47 4) 7 (47 5) 3 (47 6) 1 (47 7) 6 (47 8) 8 (47 9) 10 (47 10) 4 (48 1) 8
 (48 2) 5 (48 3) 10 (48 4) 1 (48 5) 7 (48 6) 6 (48 7) 3 (48 8) 4 (48 9) 9 (48
 10) 2 (49 1) 3 (49 2) 2 (49 3) 8 (49 4) 4 (49 5) 10 (49 6) 1 (49 7) 9 (49
 8) 7 (49 9) 5 (49 10) 6 (50 1) 3 (50 2) 6 (50 3) 1 (50 4) 7 (50 5) 4 (50 6) 8
 (50 7) 5 (50 8) 9 (50 9) 10 (50 10) 2 (51 1) 4 (51 2) 8 (51 3) 2 (51 4) 10
 (51 5) 1 (51 6) 7 (51 7) 9 (51 8) 5 (51 9) 3 (51 10) 6 (52 1) 9 (52 2) 5 (52
 3) 4 (52 4) 3 (52 5) 6 (52 6) 10 (52 7) 8 (52 8) 7 (52 9) 1 (52 10) 2 (53
 1) 5 (53 2) 3 (53 3) 6 (53 4) 8 (53 5) 9 (53 6) 1 (53 7) 10 (53 8) 2 (53 9) 4
 (53 10) 7 (54 1) 3 (54 2) 8 (54 3) 2 (54 4) 1 (54 5) 4 (54 6) 5 (54 7) 7 (54
 8) 9 (54 9) 6 (54 10) 10 (55 1) 6 (55 2) 7 (55 3) 3 (55 4) 4 (55 5) 5 (55
 6) 1 (55 7) 10 (55 8) 9 (55 9) 8 (55 10) 2 (56 1) 2 (56 2) 10 (56 3) 6 (56
 4) 1 (56 5) 8 (56 6) 9 (56 7) 4 (56 8) 5 (56 9) 7 (56 10) 3 (57 1) 4 (57 2) 10
 (57 3) 8 (57 4) 2 (57 5) 1 (57 6) 6 (57 7) 7 (57 8) 9 (57 9) 3 (57 10) 5 (58
 1) 6 (58 2) 1 (58 3) 4 (58 4) 10 (58 5) 8 (58 6) 7 (58 7) 9 (58 8) 2 (58 9) 3
 (58 10) 5 (59 1) 8 (59 2) 3 (59 3) 7 (59 4) 9 (59 5) 10 (59 6) 2 (59 7) 1
 (59 8) 4 (59 9) 6 (59 10) 5 (60 1) 3 (60 2) 9 (60 3) 5 (60 4) 10 (60 5) 1
 (60 6) 2 (60 7) 8 (60 8) 7 (60 9) 4 (60 10) 6 (61 1) 9 (61 2) 6 (61 3) 1 (61
 4) 3 (61 5) 4 (61 6) 5 (61 7) 2 (61 8) 8 (61 9) 10 (61 10) 7 (62 1) 5 (62
 2) 7 (62 3) 8 (62 4) 2 (62 5) 6 (62 6) 3 (62 7) 10 (62 8) 9 (62 9) 4 (62 10) 1
 (63 1) 3 (63 2) 6 (63 3) 4 (63 4) 8 (63 5) 9 (63 6) 10 (63 7) 7 (63 8) 5 (63
 9) 1 (63 10) 2 (64 1) 2 (64 2) 7 (64 3) 8 (64 4) 4 (64 5) 9 (64 6) 1 (64 7) 5
 (64 8) 3 (64 9) 10 (64 10) 6 (65 1) 6 (65 2) 5 (65 3) 7 (65 4) 1 (65 5) 3
 (65 6) 9 (65 7) 2 (65 8) 8 (65 9) 4 (65 10) 10 (66 1) 8 (66 2) 6 (66 3) 3
 (66 4) 2 (66 5) 4 (66 6) 1 (66 7) 9 (66 8) 10 (66 9) 5 (66 10) 7 (67 1) 8
 (67 2) 3 (67 3) 2 (67 4) 4 (67 5) 10 (67 6) 5 (67 7) 6 (67 8) 1 (67 9) 9 (67
 10) 7 (68 1) 5 (68 2) 3 (68 3) 2 (68 4) 4 (68 5) 9 (68 6) 7 (68 7) 6 (68 8) 8
 (68 9) 1 (68 10) 10 (69 1) 5 (69 2) 6 (69 3) 2 (69 4) 7 (69 5) 8 (69 6) 1
 (69 7) 9 (69 8) 4 (69 9) 3 (69 10) 10 (70 1) 6 (70 2) 10 (70 3) 4 (70 4) 8
 (70 5) 7 (70 6) 5 (70 7) 2 (70 8) 3 (70 9) 1 (70 10) 9 (71 1) 4 (71 2) 6 (71
 3) 9 (71 4) 3 (71 5) 8 (71 6) 5 (71 7) 2 (71 8) 1 (71 9) 7 (71 10) 10 (72
 1) 8 (72 2) 3 (72 3) 4 (72 4) 6 (72 5) 7 (72 6) 9 (72 7) 10 (72 8) 1 (72 9) 5
 (72 10) 2 (73 1) 4 (73 2) 8 (73 3) 1 (73 4) 10 (73 5) 9 (73 6) 2 (73 7) 6
 (73 8) 5 (73 9) 7 (73 10) 3 (74 1) 2 (74 2) 3 (74 3) 5 (74 4) 1 (74 5) 10
 (74 6) 6 (74 7) 4 (74 8) 7 (74 9) 9 (74 10) 8 (75 1) 10 (75 2) 8 (75 3) 6
 (75 4) 3 (75 5) 9 (75 6) 7 (75 7) 2 (75 8) 1 (75 9) 5 (75 10) 4 (76 1) 9 (76
 2) 1 (76 3) 5 (76 4) 7 (76 5) 3 (76 6) 6 (76 7) 10 (76 8) 4 (76 9) 2 (76 10) 8
 (77 1) 3 (77 2) 6 (77 3) 8 (77 4) 7 (77 5) 9 (77 6) 4 (77 7) 10 (77 8) 1 (77
 9) 5 (77 10) 2 (78 1) 2 (78 2) 7 (78 3) 5 (78 4) 8 (78 5) 4 (78 6) 1 (78 7) 9
 (78 8) 10 (78 9) 3 (78 10) 6 (79 1) 1 (79 2) 2 (79 3) 4 (79 4) 3 (79 5) 6
 (79 6) 9 (79 7) 8 (79 8) 7 (79 9) 5 (79 10) 10 (80 1) 6 (80 2) 2 (80 3) 3
 (80 4) 1 (80 5) 7 (80 6) 10 (80 7) 8 (80 8) 4 (80 9) 9 (80 10) 5 (81 1) 2
 (81 2) 6 (81 3) 7 (81 4) 5 (81 5) 8 (81 6) 10 (81 7) 4 (81 8) 3 (81 9) 9 (81
 10) 1 (82 1) 5 (82 2) 7 (82 3) 4 (82 4) 2 (82 5) 9 (82 6) 8 (82 7) 6 (82 8) 10
 (82 9) 1 (82 10) 3 (83 1) 2 (83 2) 9 (83 3) 4 (83 4) 1 (83 5) 8 (83 6) 7 (83
 7) 3 (83 8) 5 (83 9) 10 (83 10) 6 (84 1) 1 (84 2) 2 (84 3) 7 (84 4) 8 (84
 5) 6 (84 6) 4 (84 7) 5 (84 8) 3 (84 9) 10 (84 10) 9 (85 1) 3 (85 2) 1 (85
 3) 8 (85 4) 10 (85 5) 5 (85 6) 9 (85 7) 2 (85 8) 4 (85 9) 6 (85 10) 7 (86
 1) 2 (86 2) 9 (86 3) 10 (86 4) 1 (86 5) 4 (86 6) 7 (86 7) 6 (86 8) 3 (86 9) 8
 (86 10) 5 (87 1) 3 (87 2) 6 (87 3) 1 (87 4) 8 (87 5) 9 (87 6) 7 (87 7) 2 (87
 8) 5 (87 9) 10 (87 10) 4 (88 1) 10 (88 2) 4 (88 3) 3 (88 4) 1 (88 5) 5 (88
 6) 8 (88 7) 9 (88 8) 2 (88 9) 6 (88 10) 7 (89 1) 6 (89 2) 7 (89 3) 1 (89 4) 4
 (89 5) 5 (89 6) 8 (89 7) 9 (89 8) 3 (89 9) 2 (89 10) 10 (90 1) 1 (90 2) 7
 (90 3) 9 (90 4) 5 (90 5) 3 (90 6) 4 (90 7) 8 (90 8) 6 (90 9) 2 (90 10) 10
 (91 1) 7 (91 2) 6 (91 3) 5 (91 4) 9 (91 5) 2 (91 6) 4 (91 7) 8 (91 8) 1 (91
 9) 3 (91 10) 10 (92 1) 4 (92 2) 9 (92 3) 10 (92 4) 1 (92 5) 7 (92 6) 6 (92
 7) 5 (92 8) 2 (92 9) 3 (92 10) 8 (93 1) 9 (93 2) 1 (93 3) 2 (93 4) 4 (93 5) 8
 (93 6) 6 (93 7) 7 (93 8) 3 (93 9) 5 (93 10) 10 (94 1) 2 (94 2) 8 (94 3) 6
 (94 4) 9 (94 5) 1 (94 6) 3 (94 7) 7 (94 8) 5 (94 9) 10 (94 10) 4 (95 1) 2
 (95 2) 4 (95 3) 5 (95 4) 10 (95 5) 7 (95 6) 9 (95 7) 8 (95 8) 1 (95 9) 6 (95
 10) 3 (96 1) 9 (96 2) 5 (96 3) 1 (96 4) 4 (96 5) 7 (96 6) 2 (96 7) 3 (96 8) 10
 (96 9) 6 (96 10) 8 (97 1) 4 (97 2) 6 (97 3) 7 (97 4) 9 (97 5) 3 (97 6) 5 (97
 7) 2 (97 8) 8 (97 9) 1 (97 10) 10 (98 1) 1 (98 2) 2 (98 3) 6 (98 4) 8 (98
 5) 3 (98 6) 7 (98 7) 10 (98 8) 5 (98 9) 9 (98 10) 4 (99 1) 2 (99 2) 8 (99
 3) 1 (99 4) 10 (99 5) 5 (99 6) 9 (99 7) 6 (99 8) 7 (99 9) 3 (99 10) 4 (100
 1) 1 (100 2) 6 (100 3) 10 (100 4) 3 (100 5) 2 (100 6) 8 (100 7) 7 (100 8) 5
 (100 9) 9 (100 10) 4]
