nI: 50
nJ: 5
CapsJ: 20
nIns: 5
CostJ: [(1) 121 (2) 105 (3) 126 (4) 113 (5) 115]
CapJ: [(1) 20 (2) 20 (3) 20 (4) 20 (5) 20]
CostIJ: [(1 1) 24 (1 2) 16 (1 3) 25 (1 4) 15 (1 5) 11 (2 1) 15 (2 2) 21 (2 3) 26 (2
 4) 12 (2 5) 14 (3 1) 30 (3 2) 21 (3 3) 17 (3 4) 26 (3 5) 15 (4 1) 11 (4 2) 12
 (4 3) 19 (4 4) 30 (4 5) 12 (5 1) 12 (5 2) 29 (5 3) 17 (5 4) 21 (5 5) 18 (6
 1) 20 (6 2) 28 (6 3) 18 (6 4) 29 (6 5) 27 (7 1) 16 (7 2) 13 (7 3) 19 (7 4) 21
 (7 5) 17 (8 1) 14 (8 2) 18 (8 3) 21 (8 4) 17 (8 5) 24 (9 1) 23 (9 2) 26 (9
 3) 28 (9 4) 13 (9 5) 18 (10 1) 22 (10 2) 20 (10 3) 19 (10 4) 21 (10 5) 22
 (11 1) 13 (11 2) 13 (11 3) 21 (11 4) 15 (11 5) 20 (12 1) 13 (12 2) 11 (12
 3) 21 (12 4) 18 (12 5) 11 (13 1) 19 (13 2) 21 (13 3) 20 (13 4) 21 (13 5) 27
 (14 1) 21 (14 2) 23 (14 3) 10 (14 4) 19 (14 5) 18 (15 1) 19 (15 2) 30 (15
 3) 13 (15 4) 19 (15 5) 19 (16 1) 11 (16 2) 10 (16 3) 15 (16 4) 29 (16 5) 12
 (17 1) 12 (17 2) 24 (17 3) 17 (17 4) 30 (17 5) 14 (18 1) 11 (18 2) 16 (18
 3) 14 (18 4) 23 (18 5) 29 (19 1) 16 (19 2) 12 (19 3) 14 (19 4) 26 (19 5) 21
 (20 1) 11 (20 2) 15 (20 3) 10 (20 4) 25 (20 5) 11 (21 1) 28 (21 2) 29 (21
 3) 13 (21 4) 14 (21 5) 13 (22 1) 12 (22 2) 23 (22 3) 18 (22 4) 17 (22 5) 10
 (23 1) 22 (23 2) 26 (23 3) 29 (23 4) 25 (23 5) 25 (24 1) 30 (24 2) 10 (24
 3) 29 (24 4) 11 (24 5) 18 (25 1) 12 (25 2) 17 (25 3) 24 (25 4) 23 (25 5) 21
 (26 1) 11 (26 2) 30 (26 3) 23 (26 4) 26 (26 5) 29 (27 1) 24 (27 2) 11 (27
 3) 13 (27 4) 18 (27 5) 27 (28 1) 26 (28 2) 28 (28 3) 20 (28 4) 11 (28 5) 29
 (29 1) 22 (29 2) 14 (29 3) 23 (29 4) 28 (29 5) 28 (30 1) 23 (30 2) 11 (30
 3) 27 (30 4) 21 (30 5) 27 (31 1) 28 (31 2) 19 (31 3) 18 (31 4) 26 (31 5) 25
 (32 1) 26 (32 2) 11 (32 3) 22 (32 4) 22 (32 5) 22 (33 1) 12 (33 2) 19 (33
 3) 20 (33 4) 10 (33 5) 11 (34 1) 23 (34 2) 24 (34 3) 23 (34 4) 28 (34 5) 22
 (35 1) 11 (35 2) 11 (35 3) 13 (35 4) 25 (35 5) 27 (36 1) 29 (36 2) 22 (36
 3) 15 (36 4) 29 (36 5) 18 (37 1) 23 (37 2) 25 (37 3) 21 (37 4) 30 (37 5) 10
 (38 1) 11 (38 2) 18 (38 3) 27 (38 4) 18 (38 5) 23 (39 1) 22 (39 2) 29 (39
 3) 30 (39 4) 16 (39 5) 29 (40 1) 29 (40 2) 22 (40 3) 15 (40 4) 25 (40 5) 21
 (41 1) 22 (41 2) 20 (41 3) 21 (41 4) 19 (41 5) 16 (42 1) 28 (42 2) 24 (42
 3) 13 (42 4) 13 (42 5) 26 (43 1) 18 (43 2) 15 (43 3) 30 (43 4) 21 (43 5) 22
 (44 1) 14 (44 2) 14 (44 3) 30 (44 4) 16 (44 5) 19 (45 1) 24 (45 2) 17 (45
 3) 13 (45 4) 30 (45 5) 20 (46 1) 22 (46 2) 29 (46 3) 22 (46 4) 14 (46 5) 16
 (47 1) 20 (47 2) 17 (47 3) 17 (47 4) 25 (47 5) 26 (48 1) 26 (48 2) 14 (48
 3) 20 (48 4) 21 (48 5) 15 (49 1) 18 (49 2) 15 (49 3) 20 (49 4) 24 (49 5) 21
 (50 1) 12 (50 2) 24 (50 3) 17 (50 4) 26 (50 5) 29]
Pref: [(1 1) 5 (1 2) 4 (1 3) 1 (1 4) 2 (1 5) 3 (2 1) 4 (2 2) 3 (2 3) 5 (2 4) 2 (2
 5) 1 (3 1) 1 (3 2) 2 (3 3) 5 (3 4) 4 (3 5) 3 (4 1) 3 (4 2) 1 (4 3) 4 (4 4) 5
 (4 5) 2 (5 1) 1 (5 2) 3 (5 3) 4 (5 4) 5 (5 5) 2 (6 1) 5 (6 2) 4 (6 3) 3 (6
 4) 1 (6 5) 2 (7 1) 1 (7 2) 2 (7 3) 5 (7 4) 3 (7 5) 4 (8 1) 2 (8 2) 1 (8 3) 3
 (8 4) 5 (8 5) 4 (9 1) 3 (9 2) 4 (9 3) 1 (9 4) 2 (9 5) 5 (10 1) 5 (10 2) 1
 (10 3) 2 (10 4) 3 (10 5) 4 (11 1) 1 (11 2) 3 (11 3) 5 (11 4) 2 (11 5) 4 (12
 1) 1 (12 2) 2 (12 3) 4 (12 4) 5 (12 5) 3 (13 1) 3 (13 2) 4 (13 3) 1 (13 4) 5
 (13 5) 2 (14 1) 4 (14 2) 5 (14 3) 1 (14 4) 3 (14 5) 2 (15 1) 2 (15 2) 1 (15
 3) 5 (15 4) 3 (15 5) 4 (16 1) 2 (16 2) 1 (16 3) 5 (16 4) 3 (16 5) 4 (17 1) 5
 (17 2) 4 (17 3) 1 (17 4) 2 (17 5) 3 (18 1) 2 (18 2) 3 (18 3) 4 (18 4) 1 (18
 5) 5 (19 1) 5 (19 2) 2 (19 3) 1 (19 4) 4 (19 5) 3 (20 1) 5 (20 2) 1 (20 3) 3
 (20 4) 4 (20 5) 2 (21 1) 2 (21 2) 5 (21 3) 4 (21 4) 1 (21 5) 3 (22 1) 5 (22
 2) 3 (22 3) 1 (22 4) 4 (22 5) 2 (23 1) 1 (23 2) 2 (23 3) 5 (23 4) 3 (23 5) 4
 (24 1) 2 (24 2) 5 (24 3) 1 (24 4) 4 (24 5) 3 (25 1) 2 (25 2) 4 (25 3) 1 (25
 4) 3 (25 5) 5 (26 1) 1 (26 2) 5 (26 3) 3 (26 4) 2 (26 5) 4 (27 1) 3 (27 2) 1
 (27 3) 2 (27 4) 5 (27 5) 4 (28 1) 2 (28 2) 4 (28 3) 3 (28 4) 5 (28 5) 1 (29
 1) 3 (29 2) 5 (29 3) 2 (29 4) 1 (29 5) 4 (30 1) 3 (30 2) 2 (30 3) 4 (30 4) 1
 (30 5) 5 (31 1) 4 (31 2) 2 (31 3) 3 (31 4) 5 (31 5) 1 (32 1) 4 (32 2) 5 (32
 3) 3 (32 4) 2 (32 5) 1 (33 1) 3 (33 2) 4 (33 3) 2 (33 4) 1 (33 5) 5 (34 1) 2
 (34 2) 3 (34 3) 4 (34 4) 5 (34 5) 1 (35 1) 4 (35 2) 2 (35 3) 1 (35 4) 5 (35
 5) 3 (36 1) 3 (36 2) 1 (36 3) 5 (36 4) 2 (36 5) 4 (37 1) 3 (37 2) 5 (37 3) 1
 (37 4) 4 (37 5) 2 (38 1) 4 (38 2) 2 (38 3) 3 (38 4) 1 (38 5) 5 (39 1) 2 (39
 2) 1 (39 3) 5 (39 4) 4 (39 5) 3 (40 1) 1 (40 2) 2 (40 3) 4 (40 4) 5 (40 5) 3
 (41 1) 4 (41 2) 5 (41 3) 3 (41 4) 2 (41 5) 1 (42 1) 1 (42 2) 3 (42 3) 2 (42
 4) 5 (42 5) 4 (43 1) 4 (43 2) 3 (43 3) 5 (43 4) 2 (43 5) 1 (44 1) 1 (44 2) 3
 (44 3) 4 (44 4) 2 (44 5) 5 (45 1) 2 (45 2) 3 (45 3) 4 (45 4) 1 (45 5) 5 (46
 1) 3 (46 2) 5 (46 3) 2 (46 4) 4 (46 5) 1 (47 1) 4 (47 2) 1 (47 3) 2 (47 4) 3
 (47 5) 5 (48 1) 4 (48 2) 5 (48 3) 3 (48 4) 2 (48 5) 1 (49 1) 1 (49 2) 3 (49
 3) 2 (49 4) 5 (49 5) 4 (50 1) 5 (50 2) 2 (50 3) 4 (50 4) 3 (50 5) 1]
