nI: 100
nJ: 15
CapsJ: 24
nIns: 1
CostJ: [(1) 123 (2) 102 (3) 111 (4) 108 (5) 130 (6) 127 (7) 100 (8) 130 (9) 102 (10) 106
 (11) 118 (12) 114 (13) 102 (14) 120 (15) 125]
CapJ: [(1) 24 (2) 24 (3) 24 (4) 24 (5) 24 (6) 24 (7) 24 (8) 24 (9) 24 (10) 24 (11) 24
 (12) 24 (13) 24 (14) 24 (15) 24]
CostIJ: [(1 1) 24 (1 2) 27 (1 3) 30 (1 4) 15 (1 5) 17 (1 6) 18 (1 7) 29 (1 8) 22 (1
 9) 13 (1 10) 22 (1 11) 26 (1 12) 13 (1 13) 25 (1 14) 26 (1 15) 14 (2 1) 14
 (2 2) 11 (2 3) 24 (2 4) 12 (2 5) 21 (2 6) 13 (2 7) 29 (2 8) 11 (2 9) 23 (2
 10) 25 (2 11) 23 (2 12) 24 (2 13) 14 (2 14) 16 (2 15) 26 (3 1) 25 (3 2) 23
 (3 3) 14 (3 4) 10 (3 5) 23 (3 6) 29 (3 7) 15 (3 8) 25 (3 9) 20 (3 10) 29 (3
 11) 26 (3 12) 16 (3 13) 15 (3 14) 25 (3 15) 20 (4 1) 23 (4 2) 22 (4 3) 16
 (4 4) 10 (4 5) 12 (4 6) 11 (4 7) 14 (4 8) 29 (4 9) 28 (4 10) 30 (4 11) 17
 (4 12) 25 (4 13) 15 (4 14) 25 (4 15) 17 (5 1) 17 (5 2) 22 (5 3) 22 (5 4) 14
 (5 5) 10 (5 6) 12 (5 7) 16 (5 8) 30 (5 9) 12 (5 10) 23 (5 11) 18 (5 12) 26
 (5 13) 25 (5 14) 13 (5 15) 27 (6 1) 17 (6 2) 27 (6 3) 29 (6 4) 10 (6 5) 26
 (6 6) 25 (6 7) 29 (6 8) 21 (6 9) 30 (6 10) 28 (6 11) 29 (6 12) 17 (6 13) 20
 (6 14) 26 (6 15) 25 (7 1) 18 (7 2) 25 (7 3) 20 (7 4) 18 (7 5) 14 (7 6) 20
 (7 7) 15 (7 8) 19 (7 9) 24 (7 10) 17 (7 11) 17 (7 12) 10 (7 13) 22 (7 14) 29
 (7 15) 20 (8 1) 28 (8 2) 25 (8 3) 23 (8 4) 12 (8 5) 27 (8 6) 26 (8 7) 26 (8
 8) 28 (8 9) 20 (8 10) 30 (8 11) 22 (8 12) 17 (8 13) 23 (8 14) 10 (8 15) 20
 (9 1) 12 (9 2) 21 (9 3) 17 (9 4) 17 (9 5) 14 (9 6) 16 (9 7) 22 (9 8) 11 (9
 9) 26 (9 10) 24 (9 11) 18 (9 12) 19 (9 13) 25 (9 14) 12 (9 15) 16 (10 1) 27
 (10 2) 10 (10 3) 29 (10 4) 29 (10 5) 24 (10 6) 11 (10 7) 16 (10 8) 13 (10
 9) 22 (10 10) 13 (10 11) 21 (10 12) 24 (10 13) 16 (10 14) 18 (10 15) 12 (11
 1) 13 (11 2) 23 (11 3) 22 (11 4) 21 (11 5) 20 (11 6) 10 (11 7) 22 (11 8) 21
 (11 9) 28 (11 10) 22 (11 11) 18 (11 12) 29 (11 13) 23 (11 14) 15 (11 15) 11
 (12 1) 11 (12 2) 28 (12 3) 12 (12 4) 29 (12 5) 17 (12 6) 10 (12 7) 22 (12
 8) 10 (12 9) 27 (12 10) 14 (12 11) 23 (12 12) 28 (12 13) 23 (12 14) 10 (12
 15) 19 (13 1) 24 (13 2) 17 (13 3) 21 (13 4) 17 (13 5) 18 (13 6) 27 (13 7) 21
 (13 8) 17 (13 9) 15 (13 10) 19 (13 11) 16 (13 12) 18 (13 13) 12 (13 14) 14
 (13 15) 22 (14 1) 29 (14 2) 20 (14 3) 10 (14 4) 27 (14 5) 17 (14 6) 19 (14
 7) 19 (14 8) 26 (14 9) 29 (14 10) 10 (14 11) 25 (14 12) 21 (14 13) 12 (14
 14) 25 (14 15) 11 (15 1) 13 (15 2) 20 (15 3) 10 (15 4) 20 (15 5) 28 (15 6) 11
 (15 7) 13 (15 8) 18 (15 9) 24 (15 10) 14 (15 11) 26 (15 12) 30 (15 13) 20
 (15 14) 21 (15 15) 19 (16 1) 30 (16 2) 27 (16 3) 21 (16 4) 18 (16 5) 16 (16
 6) 22 (16 7) 29 (16 8) 30 (16 9) 27 (16 10) 26 (16 11) 18 (16 12) 12 (16 13) 19
 (16 14) 24 (16 15) 14 (17 1) 18 (17 2) 23 (17 3) 10 (17 4) 17 (17 5) 16 (17
 6) 16 (17 7) 19 (17 8) 15 (17 9) 18 (17 10) 19 (17 11) 18 (17 12) 13 (17 13) 17
 (17 14) 25 (17 15) 27 (18 1) 26 (18 2) 15 (18 3) 20 (18 4) 15 (18 5) 15 (18
 6) 20 (18 7) 28 (18 8) 23 (18 9) 26 (18 10) 21 (18 11) 24 (18 12) 12 (18 13) 27
 (18 14) 19 (18 15) 26 (19 1) 12 (19 2) 23 (19 3) 17 (19 4) 21 (19 5) 15 (19
 6) 10 (19 7) 17 (19 8) 22 (19 9) 19 (19 10) 10 (19 11) 26 (19 12) 22 (19 13) 21
 (19 14) 28 (19 15) 20 (20 1) 14 (20 2) 28 (20 3) 17 (20 4) 15 (20 5) 15 (20
 6) 29 (20 7) 17 (20 8) 17 (20 9) 24 (20 10) 19 (20 11) 21 (20 12) 19 (20 13) 28
 (20 14) 25 (20 15) 27 (21 1) 28 (21 2) 22 (21 3) 12 (21 4) 22 (21 5) 11 (21
 6) 12 (21 7) 10 (21 8) 27 (21 9) 13 (21 10) 30 (21 11) 13 (21 12) 17 (21 13) 11
 (21 14) 22 (21 15) 18 (22 1) 26 (22 2) 10 (22 3) 22 (22 4) 17 (22 5) 21 (22
 6) 21 (22 7) 28 (22 8) 18 (22 9) 22 (22 10) 21 (22 11) 24 (22 12) 17 (22 13) 12
 (22 14) 16 (22 15) 29 (23 1) 18 (23 2) 13 (23 3) 19 (23 4) 18 (23 5) 21 (23
 6) 14 (23 7) 11 (23 8) 27 (23 9) 29 (23 10) 24 (23 11) 21 (23 12) 27 (23 13) 27
 (23 14) 26 (23 15) 26 (24 1) 18 (24 2) 25 (24 3) 27 (24 4) 28 (24 5) 18 (24
 6) 29 (24 7) 21 (24 8) 16 (24 9) 23 (24 10) 11 (24 11) 17 (24 12) 25 (24 13) 12
 (24 14) 26 (24 15) 23 (25 1) 14 (25 2) 30 (25 3) 30 (25 4) 19 (25 5) 22 (25
 6) 13 (25 7) 12 (25 8) 17 (25 9) 15 (25 10) 30 (25 11) 20 (25 12) 30 (25 13) 13
 (25 14) 30 (25 15) 30 (26 1) 25 (26 2) 16 (26 3) 24 (26 4) 24 (26 5) 27 (26
 6) 12 (26 7) 12 (26 8) 12 (26 9) 11 (26 10) 25 (26 11) 25 (26 12) 27 (26 13) 27
 (26 14) 22 (26 15) 14 (27 1) 24 (27 2) 10 (27 3) 29 (27 4) 15 (27 5) 27 (27
 6) 18 (27 7) 16 (27 8) 17 (27 9) 27 (27 10) 30 (27 11) 22 (27 12) 28 (27 13) 25
 (27 14) 25 (27 15) 25 (28 1) 21 (28 2) 19 (28 3) 29 (28 4) 15 (28 5) 19 (28
 6) 17 (28 7) 19 (28 8) 27 (28 9) 18 (28 10) 19 (28 11) 22 (28 12) 23 (28 13) 28
 (28 14) 15 (28 15) 16 (29 1) 14 (29 2) 27 (29 3) 14 (29 4) 27 (29 5) 17 (29
 6) 29 (29 7) 14 (29 8) 24 (29 9) 15 (29 10) 18 (29 11) 27 (29 12) 30 (29 13) 24
 (29 14) 11 (29 15) 26 (30 1) 12 (30 2) 18 (30 3) 15 (30 4) 24 (30 5) 11 (30
 6) 20 (30 7) 16 (30 8) 12 (30 9) 16 (30 10) 26 (30 11) 23 (30 12) 26 (30 13) 15
 (30 14) 12 (30 15) 16 (31 1) 29 (31 2) 24 (31 3) 14 (31 4) 26 (31 5) 25 (31
 6) 22 (31 7) 20 (31 8) 26 (31 9) 20 (31 10) 23 (31 11) 12 (31 12) 17 (31 13) 13
 (31 14) 29 (31 15) 23 (32 1) 29 (32 2) 20 (32 3) 29 (32 4) 26 (32 5) 26 (32
 6) 25 (32 7) 16 (32 8) 16 (32 9) 30 (32 10) 25 (32 11) 11 (32 12) 24 (32 13) 14
 (32 14) 18 (32 15) 20 (33 1) 28 (33 2) 18 (33 3) 26 (33 4) 21 (33 5) 24 (33
 6) 10 (33 7) 17 (33 8) 21 (33 9) 20 (33 10) 16 (33 11) 18 (33 12) 10 (33 13) 14
 (33 14) 30 (33 15) 16 (34 1) 10 (34 2) 30 (34 3) 17 (34 4) 15 (34 5) 29 (34
 6) 12 (34 7) 24 (34 8) 19 (34 9) 22 (34 10) 20 (34 11) 28 (34 12) 16 (34 13) 26
 (34 14) 13 (34 15) 14 (35 1) 16 (35 2) 19 (35 3) 23 (35 4) 10 (35 5) 11 (35
 6) 22 (35 7) 21 (35 8) 24 (35 9) 14 (35 10) 15 (35 11) 18 (35 12) 16 (35 13) 17
 (35 14) 15 (35 15) 30 (36 1) 16 (36 2) 16 (36 3) 14 (36 4) 12 (36 5) 30 (36
 6) 29 (36 7) 15 (36 8) 25 (36 9) 16 (36 10) 21 (36 11) 20 (36 12) 17 (36 13) 22
 (36 14) 11 (36 15) 13 (37 1) 21 (37 2) 15 (37 3) 28 (37 4) 25 (37 5) 14 (37
 6) 15 (37 7) 24 (37 8) 25 (37 9) 10 (37 10) 19 (37 11) 29 (37 12) 25 (37 13) 27
 (37 14) 12 (37 15) 19 (38 1) 20 (38 2) 27 (38 3) 11 (38 4) 10 (38 5) 14 (38
 6) 26 (38 7) 25 (38 8) 24 (38 9) 14 (38 10) 22 (38 11) 20 (38 12) 11 (38 13) 19
 (38 14) 15 (38 15) 29 (39 1) 29 (39 2) 12 (39 3) 20 (39 4) 30 (39 5) 14 (39
 6) 29 (39 7) 20 (39 8) 16 (39 9) 29 (39 10) 15 (39 11) 17 (39 12) 23 (39 13) 14
 (39 14) 24 (39 15) 14 (40 1) 25 (40 2) 26 (40 3) 23 (40 4) 29 (40 5) 14 (40
 6) 22 (40 7) 29 (40 8) 25 (40 9) 16 (40 10) 11 (40 11) 14 (40 12) 16 (40 13) 25
 (40 14) 20 (40 15) 23 (41 1) 27 (41 2) 19 (41 3) 22 (41 4) 25 (41 5) 23 (41
 6) 24 (41 7) 29 (41 8) 22 (41 9) 10 (41 10) 20 (41 11) 17 (41 12) 16 (41 13) 18
 (41 14) 27 (41 15) 17 (42 1) 14 (42 2) 24 (42 3) 23 (42 4) 16 (42 5) 26 (42
 6) 13 (42 7) 27 (42 8) 29 (42 9) 24 (42 10) 23 (42 11) 11 (42 12) 22 (42 13) 21
 (42 14) 28 (42 15) 14 (43 1) 10 (43 2) 18 (43 3) 14 (43 4) 23 (43 5) 25 (43
 6) 15 (43 7) 24 (43 8) 24 (43 9) 16 (43 10) 14 (43 11) 30 (43 12) 28 (43 13) 15
 (43 14) 15 (43 15) 16 (44 1) 13 (44 2) 26 (44 3) 23 (44 4) 28 (44 5) 21 (44
 6) 28 (44 7) 22 (44 8) 10 (44 9) 19 (44 10) 25 (44 11) 25 (44 12) 10 (44 13) 14
 (44 14) 12 (44 15) 17 (45 1) 16 (45 2) 13 (45 3) 28 (45 4) 22 (45 5) 30 (45
 6) 15 (45 7) 19 (45 8) 15 (45 9) 22 (45 10) 15 (45 11) 20 (45 12) 18 (45 13) 29
 (45 14) 21 (45 15) 14 (46 1) 25 (46 2) 25 (46 3) 27 (46 4) 28 (46 5) 14 (46
 6) 18 (46 7) 24 (46 8) 29 (46 9) 14 (46 10) 21 (46 11) 23 (46 12) 19 (46 13) 24
 (46 14) 25 (46 15) 10 (47 1) 28 (47 2) 20 (47 3) 23 (47 4) 29 (47 5) 26 (47
 6) 27 (47 7) 29 (47 8) 22 (47 9) 27 (47 10) 14 (47 11) 21 (47 12) 25 (47 13) 13
 (47 14) 14 (47 15) 10 (48 1) 16 (48 2) 12 (48 3) 17 (48 4) 30 (48 5) 28 (48
 6) 30 (48 7) 13 (48 8) 26 (48 9) 11 (48 10) 25 (48 11) 27 (48 12) 28 (48 13) 25
 (48 14) 13 (48 15) 16 (49 1) 15 (49 2) 30 (49 3) 10 (49 4) 22 (49 5) 13 (49
 6) 11 (49 7) 20 (49 8) 26 (49 9) 18 (49 10) 28 (49 11) 22 (49 12) 13 (49 13) 19
 (49 14) 15 (49 15) 20 (50 1) 15 (50 2) 10 (50 3) 20 (50 4) 19 (50 5) 23 (50
 6) 20 (50 7) 27 (50 8) 24 (50 9) 23 (50 10) 11 (50 11) 17 (50 12) 13 (50 13) 17
 (50 14) 17 (50 15) 10 (51 1) 14 (51 2) 10 (51 3) 23 (51 4) 29 (51 5) 27 (51
 6) 17 (51 7) 21 (51 8) 10 (51 9) 27 (51 10) 28 (51 11) 29 (51 12) 20 (51 13) 21
 (51 14) 24 (51 15) 10 (52 1) 18 (52 2) 26 (52 3) 16 (52 4) 15 (52 5) 15 (52
 6) 11 (52 7) 25 (52 8) 30 (52 9) 16 (52 10) 18 (52 11) 27 (52 12) 15 (52 13) 21
 (52 14) 16 (52 15) 12 (53 1) 17 (53 2) 22 (53 3) 23 (53 4) 13 (53 5) 15 (53
 6) 16 (53 7) 22 (53 8) 18 (53 9) 16 (53 10) 30 (53 11) 10 (53 12) 15 (53 13) 26
 (53 14) 23 (53 15) 15 (54 1) 26 (54 2) 24 (54 3) 20 (54 4) 18 (54 5) 29 (54
 6) 14 (54 7) 13 (54 8) 24 (54 9) 21 (54 10) 12 (54 11) 25 (54 12) 25 (54 13) 26
 (54 14) 12 (54 15) 26 (55 1) 21 (55 2) 28 (55 3) 21 (55 4) 12 (55 5) 22 (55
 6) 10 (55 7) 23 (55 8) 24 (55 9) 10 (55 10) 26 (55 11) 19 (55 12) 19 (55 13) 25
 (55 14) 13 (55 15) 24 (56 1) 15 (56 2) 23 (56 3) 20 (56 4) 25 (56 5) 11 (56
 6) 29 (56 7) 22 (56 8) 12 (56 9) 19 (56 10) 14 (56 11) 10 (56 12) 15 (56 13) 29
 (56 14) 20 (56 15) 25 (57 1) 15 (57 2) 14 (57 3) 25 (57 4) 28 (57 5) 22 (57
 6) 28 (57 7) 15 (57 8) 29 (57 9) 17 (57 10) 27 (57 11) 13 (57 12) 12 (57 13) 29
 (57 14) 18 (57 15) 17 (58 1) 27 (58 2) 24 (58 3) 30 (58 4) 24 (58 5) 26 (58
 6) 30 (58 7) 30 (58 8) 12 (58 9) 18 (58 10) 14 (58 11) 18 (58 12) 23 (58 13) 28
 (58 14) 23 (58 15) 10 (59 1) 23 (59 2) 20 (59 3) 20 (59 4) 20 (59 5) 12 (59
 6) 20 (59 7) 11 (59 8) 28 (59 9) 18 (59 10) 18 (59 11) 19 (59 12) 14 (59 13) 10
 (59 14) 17 (59 15) 24 (60 1) 22 (60 2) 27 (60 3) 13 (60 4) 20 (60 5) 28 (60
 6) 26 (60 7) 11 (60 8) 15 (60 9) 13 (60 10) 18 (60 11) 14 (60 12) 24 (60 13) 27
 (60 14) 15 (60 15) 22 (61 1) 25 (61 2) 22 (61 3) 20 (61 4) 28 (61 5) 15 (61
 6) 17 (61 7) 15 (61 8) 13 (61 9) 28 (61 10) 21 (61 11) 20 (61 12) 14 (61 13) 18
 (61 14) 29 (61 15) 21 (62 1) 27 (62 2) 20 (62 3) 23 (62 4) 23 (62 5) 18 (62
 6) 14 (62 7) 10 (62 8) 11 (62 9) 22 (62 10) 28 (62 11) 23 (62 12) 25 (62 13) 26
 (62 14) 14 (62 15) 18 (63 1) 19 (63 2) 17 (63 3) 24 (63 4) 27 (63 5) 20 (63
 6) 29 (63 7) 10 (63 8) 14 (63 9) 26 (63 10) 24 (63 11) 20 (63 12) 19 (63 13) 17
 (63 14) 29 (63 15) 20 (64 1) 26 (64 2) 17 (64 3) 19 (64 4) 21 (64 5) 13 (64
 6) 25 (64 7) 30 (64 8) 15 (64 9) 15 (64 10) 27 (64 11) 13 (64 12) 22 (64 13) 12
 (64 14) 30 (64 15) 30 (65 1) 30 (65 2) 12 (65 3) 28 (65 4) 10 (65 5) 30 (65
 6) 12 (65 7) 28 (65 8) 24 (65 9) 27 (65 10) 20 (65 11) 13 (65 12) 20 (65 13) 25
 (65 14) 16 (65 15) 24 (66 1) 17 (66 2) 16 (66 3) 19 (66 4) 12 (66 5) 23 (66
 6) 21 (66 7) 24 (66 8) 12 (66 9) 25 (66 10) 30 (66 11) 26 (66 12) 17 (66 13) 24
 (66 14) 11 (66 15) 13 (67 1) 24 (67 2) 16 (67 3) 23 (67 4) 17 (67 5) 20 (67
 6) 10 (67 7) 19 (67 8) 23 (67 9) 23 (67 10) 14 (67 11) 20 (67 12) 27 (67 13) 16
 (67 14) 18 (67 15) 12 (68 1) 21 (68 2) 12 (68 3) 26 (68 4) 18 (68 5) 26 (68
 6) 12 (68 7) 18 (68 8) 26 (68 9) 25 (68 10) 15 (68 11) 29 (68 12) 14 (68 13) 15
 (68 14) 23 (68 15) 18 (69 1) 17 (69 2) 29 (69 3) 30 (69 4) 25 (69 5) 16 (69
 6) 10 (69 7) 21 (69 8) 13 (69 9) 25 (69 10) 23 (69 11) 16 (69 12) 12 (69 13) 15
 (69 14) 22 (69 15) 14 (70 1) 27 (70 2) 22 (70 3) 24 (70 4) 18 (70 5) 24 (70
 6) 17 (70 7) 17 (70 8) 23 (70 9) 19 (70 10) 27 (70 11) 20 (70 12) 25 (70 13) 17
 (70 14) 10 (70 15) 28 (71 1) 23 (71 2) 23 (71 3) 22 (71 4) 24 (71 5) 27 (71
 6) 20 (71 7) 21 (71 8) 25 (71 9) 23 (71 10) 16 (71 11) 15 (71 12) 27 (71 13) 20
 (71 14) 17 (71 15) 25 (72 1) 17 (72 2) 10 (72 3) 10 (72 4) 18 (72 5) 26 (72
 6) 25 (72 7) 10 (72 8) 21 (72 9) 16 (72 10) 19 (72 11) 17 (72 12) 23 (72 13) 27
 (72 14) 14 (72 15) 12 (73 1) 13 (73 2) 24 (73 3) 20 (73 4) 20 (73 5) 16 (73
 6) 16 (73 7) 20 (73 8) 26 (73 9) 10 (73 10) 17 (73 11) 13 (73 12) 25 (73 13) 17
 (73 14) 19 (73 15) 25 (74 1) 24 (74 2) 27 (74 3) 17 (74 4) 11 (74 5) 23 (74
 6) 12 (74 7) 14 (74 8) 17 (74 9) 21 (74 10) 15 (74 11) 18 (74 12) 27 (74 13) 21
 (74 14) 30 (74 15) 10 (75 1) 22 (75 2) 13 (75 3) 15 (75 4) 29 (75 5) 22 (75
 6) 24 (75 7) 20 (75 8) 29 (75 9) 18 (75 10) 27 (75 11) 11 (75 12) 30 (75 13) 16
 (75 14) 30 (75 15) 11 (76 1) 25 (76 2) 17 (76 3) 28 (76 4) 23 (76 5) 27 (76
 6) 26 (76 7) 19 (76 8) 14 (76 9) 28 (76 10) 13 (76 11) 21 (76 12) 13 (76 13) 29
 (76 14) 28 (76 15) 22 (77 1) 23 (77 2) 14 (77 3) 18 (77 4) 24 (77 5) 14 (77
 6) 22 (77 7) 30 (77 8) 11 (77 9) 11 (77 10) 22 (77 11) 21 (77 12) 25 (77 13) 15
 (77 14) 22 (77 15) 22 (78 1) 24 (78 2) 19 (78 3) 21 (78 4) 24 (78 5) 20 (78
 6) 25 (78 7) 17 (78 8) 20 (78 9) 19 (78 10) 18 (78 11) 15 (78 12) 14 (78 13) 19
 (78 14) 30 (78 15) 16 (79 1) 17 (79 2) 16 (79 3) 23 (79 4) 19 (79 5) 23 (79
 6) 28 (79 7) 24 (79 8) 27 (79 9) 21 (79 10) 15 (79 11) 21 (79 12) 20 (79 13) 27
 (79 14) 30 (79 15) 24 (80 1) 21 (80 2) 11 (80 3) 13 (80 4) 23 (80 5) 28 (80
 6) 20 (80 7) 24 (80 8) 10 (80 9) 11 (80 10) 24 (80 11) 25 (80 12) 20 (80 13) 15
 (80 14) 23 (80 15) 10 (81 1) 22 (81 2) 12 (81 3) 28 (81 4) 30 (81 5) 13 (81
 6) 17 (81 7) 18 (81 8) 18 (81 9) 12 (81 10) 20 (81 11) 17 (81 12) 22 (81 13) 17
 (81 14) 12 (81 15) 28 (82 1) 20 (82 2) 14 (82 3) 30 (82 4) 11 (82 5) 12 (82
 6) 16 (82 7) 20 (82 8) 27 (82 9) 16 (82 10) 18 (82 11) 16 (82 12) 11 (82 13) 23
 (82 14) 26 (82 15) 21 (83 1) 19 (83 2) 12 (83 3) 17 (83 4) 12 (83 5) 23 (83
 6) 23 (83 7) 26 (83 8) 30 (83 9) 12 (83 10) 17 (83 11) 18 (83 12) 23 (83 13) 30
 (83 14) 29 (83 15) 23 (84 1) 24 (84 2) 18 (84 3) 18 (84 4) 17 (84 5) 18 (84
 6) 28 (84 7) 10 (84 8) 21 (84 9) 11 (84 10) 10 (84 11) 29 (84 12) 21 (84 13) 30
 (84 14) 24 (84 15) 18 (85 1) 14 (85 2) 28 (85 3) 23 (85 4) 14 (85 5) 22 (85
 6) 22 (85 7) 30 (85 8) 22 (85 9) 10 (85 10) 11 (85 11) 30 (85 12) 16 (85 13) 27
 (85 14) 15 (85 15) 26 (86 1) 16 (86 2) 26 (86 3) 28 (86 4) 13 (86 5) 30 (86
 6) 23 (86 7) 12 (86 8) 13 (86 9) 18 (86 10) 13 (86 11) 22 (86 12) 28 (86 13) 23
 (86 14) 13 (86 15) 23 (87 1) 30 (87 2) 23 (87 3) 25 (87 4) 26 (87 5) 28 (87
 6) 18 (87 7) 13 (87 8) 27 (87 9) 20 (87 10) 26 (87 11) 19 (87 12) 15 (87 13) 12
 (87 14) 11 (87 15) 26 (88 1) 28 (88 2) 17 (88 3) 30 (88 4) 21 (88 5) 24 (88
 6) 18 (88 7) 17 (88 8) 21 (88 9) 10 (88 10) 12 (88 11) 24 (88 12) 25 (88 13) 18
 (88 14) 28 (88 15) 18 (89 1) 17 (89 2) 15 (89 3) 15 (89 4) 17 (89 5) 21 (89
 6) 21 (89 7) 18 (89 8) 29 (89 9) 19 (89 10) 29 (89 11) 22 (89 12) 29 (89 13) 11
 (89 14) 19 (89 15) 11 (90 1) 26 (90 2) 18 (90 3) 26 (90 4) 28 (90 5) 28 (90
 6) 28 (90 7) 21 (90 8) 21 (90 9) 17 (90 10) 14 (90 11) 30 (90 12) 29 (90 13) 20
 (90 14) 13 (90 15) 13 (91 1) 25 (91 2) 10 (91 3) 24 (91 4) 22 (91 5) 30 (91
 6) 16 (91 7) 17 (91 8) 29 (91 9) 24 (91 10) 12 (91 11) 24 (91 12) 10 (91 13) 18
 (91 14) 22 (91 15) 25 (92 1) 28 (92 2) 17 (92 3) 22 (92 4) 24 (92 5) 28 (92
 6) 24 (92 7) 14 (92 8) 17 (92 9) 21 (92 10) 16 (92 11) 14 (92 12) 16 (92 13) 23
 (92 14) 24 (92 15) 27 (93 1) 12 (93 2) 13 (93 3) 26 (93 4) 26 (93 5) 20 (93
 6) 14 (93 7) 16 (93 8) 30 (93 9) 27 (93 10) 24 (93 11) 12 (93 12) 30 (93 13) 15
 (93 14) 21 (93 15) 27 (94 1) 10 (94 2) 13 (94 3) 10 (94 4) 29 (94 5) 16 (94
 6) 10 (94 7) 20 (94 8) 23 (94 9) 17 (94 10) 21 (94 11) 17 (94 12) 14 (94 13) 28
 (94 14) 18 (94 15) 24 (95 1) 21 (95 2) 16 (95 3) 14 (95 4) 29 (95 5) 26 (95
 6) 24 (95 7) 23 (95 8) 13 (95 9) 14 (95 10) 27 (95 11) 24 (95 12) 21 (95 13) 15
 (95 14) 10 (95 15) 30 (96 1) 25 (96 2) 17 (96 3) 27 (96 4) 14 (96 5) 14 (96
 6) 16 (96 7) 21 (96 8) 24 (96 9) 19 (96 10) 12 (96 11) 14 (96 12) 23 (96 13) 17
 (96 14) 29 (96 15) 30 (97 1) 30 (97 2) 15 (97 3) 19 (97 4) 23 (97 5) 22 (97
 6) 14 (97 7) 11 (97 8) 25 (97 9) 29 (97 10) 23 (97 11) 22 (97 12) 13 (97 13) 24
 (97 14) 28 (97 15) 27 (98 1) 25 (98 2) 22 (98 3) 14 (98 4) 25 (98 5) 20 (98
 6) 25 (98 7) 29 (98 8) 28 (98 9) 13 (98 10) 14 (98 11) 10 (98 12) 12 (98 13) 19
 (98 14) 24 (98 15) 20 (99 1) 21 (99 2) 30 (99 3) 22 (99 4) 22 (99 5) 10 (99
 6) 25 (99 7) 26 (99 8) 13 (99 9) 18 (99 10) 26 (99 11) 21 (99 12) 23 (99 13) 26
 (99 14) 12 (99 15) 20 (100 1) 19 (100 2) 25 (100 3) 30 (100 4) 25 (100 5) 10
 (100 6) 18 (100 7) 14 (100 8) 23 (100 9) 26 (100 10) 27 (100 11) 25 (100 12) 23
 (100 13) 13 (100 14) 15 (100 15) 25]
Pref: [(1 1) 5 (1 2) 10 (1 3) 4 (1 4) 12 (1 5) 7 (1 6) 13 (1 7) 11 (1 8) 6 (1 9) 15
 (1 10) 2 (1 11) 3 (1 12) 9 (1 13) 8 (1 14) 14 (1 15) 1 (2 1) 11 (2 2) 6 (2
 3) 4 (2 4) 7 (2 5) 13 (2 6) 8 (2 7) 1 (2 8) 9 (2 9) 10 (2 10) 5 (2 11) 3 (2
 12) 2 (2 13) 14 (2 14) 12 (2 15) 15 (3 1) 12 (3 2) 3 (3 3) 13 (3 4) 7 (3 5) 2
 (3 6) 11 (3 7) 5 (3 8) 15 (3 9) 4 (3 10) 14 (3 11) 6 (3 12) 9 (3 13) 10 (3
 14) 8 (3 15) 1 (4 1) 9 (4 2) 8 (4 3) 4 (4 4) 12 (4 5) 13 (4 6) 7 (4 7) 15
 (4 8) 3 (4 9) 1 (4 10) 2 (4 11) 14 (4 12) 11 (4 13) 6 (4 14) 5 (4 15) 10 (5
 1) 3 (5 2) 4 (5 3) 11 (5 4) 15 (5 5) 14 (5 6) 5 (5 7) 9 (5 8) 6 (5 9) 2 (5
 10) 1 (5 11) 10 (5 12) 12 (5 13) 7 (5 14) 8 (5 15) 13 (6 1) 2 (6 2) 11 (6
 3) 6 (6 4) 3 (6 5) 10 (6 6) 5 (6 7) 9 (6 8) 14 (6 9) 13 (6 10) 15 (6 11) 4
 (6 12) 1 (6 13) 7 (6 14) 8 (6 15) 12 (7 1) 11 (7 2) 14 (7 3) 3 (7 4) 2 (7
 5) 7 (7 6) 5 (7 7) 10 (7 8) 6 (7 9) 12 (7 10) 8 (7 11) 1 (7 12) 15 (7 13) 13
 (7 14) 9 (7 15) 4 (8 1) 12 (8 2) 9 (8 3) 1 (8 4) 3 (8 5) 2 (8 6) 4 (8 7) 11
 (8 8) 6 (8 9) 10 (8 10) 13 (8 11) 14 (8 12) 7 (8 13) 5 (8 14) 15 (8 15) 8
 (9 1) 2 (9 2) 11 (9 3) 9 (9 4) 3 (9 5) 7 (9 6) 15 (9 7) 10 (9 8) 12 (9 9) 13
 (9 10) 5 (9 11) 1 (9 12) 4 (9 13) 14 (9 14) 8 (9 15) 6 (10 1) 10 (10 2) 6
 (10 3) 5 (10 4) 9 (10 5) 11 (10 6) 14 (10 7) 8 (10 8) 12 (10 9) 13 (10 10) 15
 (10 11) 2 (10 12) 4 (10 13) 7 (10 14) 3 (10 15) 1 (11 1) 2 (11 2) 6 (11 3) 11
 (11 4) 15 (11 5) 8 (11 6) 4 (11 7) 7 (11 8) 9 (11 9) 13 (11 10) 3 (11 11) 5
 (11 12) 12 (11 13) 14 (11 14) 1 (11 15) 10 (12 1) 3 (12 2) 6 (12 3) 2 (12
 4) 12 (12 5) 4 (12 6) 5 (12 7) 9 (12 8) 7 (12 9) 8 (12 10) 14 (12 11) 15 (12
 12) 13 (12 13) 11 (12 14) 1 (12 15) 10 (13 1) 15 (13 2) 9 (13 3) 3 (13 4) 13
 (13 5) 8 (13 6) 10 (13 7) 11 (13 8) 1 (13 9) 12 (13 10) 2 (13 11) 6 (13 12) 7
 (13 13) 14 (13 14) 4 (13 15) 5 (14 1) 1 (14 2) 3 (14 3) 14 (14 4) 15 (14 5) 9
 (14 6) 8 (14 7) 2 (14 8) 5 (14 9) 4 (14 10) 6 (14 11) 11 (14 12) 7 (14 13) 12
 (14 14) 13 (14 15) 10 (15 1) 8 (15 2) 9 (15 3) 1 (15 4) 4 (15 5) 12 (15 6) 7
 (15 7) 14 (15 8) 13 (15 9) 6 (15 10) 11 (15 11) 15 (15 12) 3 (15 13) 10 (15
 14) 5 (15 15) 2 (16 1) 6 (16 2) 9 (16 3) 13 (16 4) 3 (16 5) 15 (16 6) 12 (16
 7) 5 (16 8) 11 (16 9) 2 (16 10) 8 (16 11) 10 (16 12) 14 (16 13) 4 (16 14) 1
 (16 15) 7 (17 1) 11 (17 2) 12 (17 3) 10 (17 4) 15 (17 5) 5 (17 6) 8 (17 7) 7
 (17 8) 2 (17 9) 13 (17 10) 6 (17 11) 3 (17 12) 14 (17 13) 1 (17 14) 9 (17
 15) 4 (18 1) 4 (18 2) 5 (18 3) 11 (18 4) 12 (18 5) 3 (18 6) 6 (18 7) 14 (18
 8) 7 (18 9) 10 (18 10) 9 (18 11) 2 (18 12) 15 (18 13) 13 (18 14) 8 (18 15) 1
 (19 1) 5 (19 2) 1 (19 3) 15 (19 4) 13 (19 5) 2 (19 6) 4 (19 7) 10 (19 8) 11
 (19 9) 14 (19 10) 9 (19 11) 12 (19 12) 7 (19 13) 8 (19 14) 6 (19 15) 3 (20
 1) 12 (20 2) 8 (20 3) 15 (20 4) 7 (20 5) 13 (20 6) 2 (20 7) 4 (20 8) 10 (20
 9) 5 (20 10) 9 (20 11) 14 (20 12) 1 (20 13) 3 (20 14) 11 (20 15) 6 (21 1) 5
 (21 2) 13 (21 3) 4 (21 4) 12 (21 5) 8 (21 6) 3 (21 7) 10 (21 8) 15 (21 9) 9
 (21 10) 6 (21 11) 2 (21 12) 1 (21 13) 14 (21 14) 7 (21 15) 11 (22 1) 13 (22
 2) 12 (22 3) 7 (22 4) 11 (22 5) 9 (22 6) 8 (22 7) 14 (22 8) 4 (22 9) 5 (22
 10) 1 (22 11) 2 (22 12) 15 (22 13) 6 (22 14) 3 (22 15) 10 (23 1) 12 (23 2) 11
 (23 3) 4 (23 4) 14 (23 5) 8 (23 6) 7 (23 7) 3 (23 8) 2 (23 9) 15 (23 10) 5
 (23 11) 10 (23 12) 6 (23 13) 1 (23 14) 9 (23 15) 13 (24 1) 12 (24 2) 3 (24
 3) 4 (24 4) 11 (24 5) 9 (24 6) 1 (24 7) 6 (24 8) 14 (24 9) 2 (24 10) 8 (24
 11) 13 (24 12) 10 (24 13) 7 (24 14) 15 (24 15) 5 (25 1) 13 (25 2) 5 (25 3) 2
 (25 4) 3 (25 5) 9 (25 6) 11 (25 7) 6 (25 8) 7 (25 9) 4 (25 10) 10 (25 11) 1
 (25 12) 8 (25 13) 12 (25 14) 15 (25 15) 14 (26 1) 7 (26 2) 6 (26 3) 2 (26
 4) 5 (26 5) 14 (26 6) 12 (26 7) 9 (26 8) 15 (26 9) 10 (26 10) 4 (26 11) 8
 (26 12) 1 (26 13) 13 (26 14) 3 (26 15) 11 (27 1) 8 (27 2) 1 (27 3) 13 (27
 4) 14 (27 5) 3 (27 6) 7 (27 7) 2 (27 8) 11 (27 9) 9 (27 10) 5 (27 11) 4 (27
 12) 12 (27 13) 15 (27 14) 10 (27 15) 6 (28 1) 8 (28 2) 3 (28 3) 11 (28 4) 7
 (28 5) 5 (28 6) 6 (28 7) 12 (28 8) 1 (28 9) 10 (28 10) 14 (28 11) 2 (28 12) 4
 (28 13) 9 (28 14) 13 (28 15) 15 (29 1) 6 (29 2) 4 (29 3) 12 (29 4) 7 (29 5) 10
 (29 6) 11 (29 7) 13 (29 8) 1 (29 9) 14 (29 10) 2 (29 11) 3 (29 12) 9 (29 13) 5
 (29 14) 15 (29 15) 8 (30 1) 13 (30 2) 2 (30 3) 11 (30 4) 10 (30 5) 12 (30
 6) 6 (30 7) 15 (30 8) 1 (30 9) 9 (30 10) 8 (30 11) 4 (30 12) 7 (30 13) 14
 (30 14) 5 (30 15) 3 (31 1) 1 (31 2) 11 (31 3) 10 (31 4) 14 (31 5) 2 (31 6) 12
 (31 7) 8 (31 8) 5 (31 9) 4 (31 10) 13 (31 11) 7 (31 12) 15 (31 13) 9 (31 14) 6
 (31 15) 3 (32 1) 5 (32 2) 4 (32 3) 15 (32 4) 11 (32 5) 8 (32 6) 1 (32 7) 2
 (32 8) 10 (32 9) 12 (32 10) 6 (32 11) 7 (32 12) 13 (32 13) 14 (32 14) 3 (32
 15) 9 (33 1) 3 (33 2) 6 (33 3) 5 (33 4) 10 (33 5) 1 (33 6) 15 (33 7) 4 (33
 8) 9 (33 9) 2 (33 10) 8 (33 11) 11 (33 12) 13 (33 13) 12 (33 14) 14 (33 15) 7
 (34 1) 5 (34 2) 2 (34 3) 6 (34 4) 4 (34 5) 3 (34 6) 9 (34 7) 14 (34 8) 7 (34
 9) 1 (34 10) 12 (34 11) 10 (34 12) 11 (34 13) 13 (34 14) 8 (34 15) 15 (35
 1) 3 (35 2) 12 (35 3) 9 (35 4) 5 (35 5) 7 (35 6) 10 (35 7) 11 (35 8) 4 (35
 9) 2 (35 10) 13 (35 11) 14 (35 12) 1 (35 13) 8 (35 14) 6 (35 15) 15 (36 1) 2
 (36 2) 6 (36 3) 8 (36 4) 9 (36 5) 1 (36 6) 15 (36 7) 4 (36 8) 3 (36 9) 5 (36
 10) 7 (36 11) 14 (36 12) 13 (36 13) 11 (36 14) 12 (36 15) 10 (37 1) 4 (37
 2) 9 (37 3) 2 (37 4) 6 (37 5) 13 (37 6) 14 (37 7) 8 (37 8) 10 (37 9) 12 (37
 10) 3 (37 11) 11 (37 12) 15 (37 13) 7 (37 14) 5 (37 15) 1 (38 1) 8 (38 2) 5
 (38 3) 14 (38 4) 13 (38 5) 4 (38 6) 12 (38 7) 2 (38 8) 11 (38 9) 10 (38 10) 15
 (38 11) 3 (38 12) 9 (38 13) 6 (38 14) 1 (38 15) 7 (39 1) 11 (39 2) 12 (39
 3) 5 (39 4) 13 (39 5) 9 (39 6) 14 (39 7) 8 (39 8) 2 (39 9) 4 (39 10) 3 (39
 11) 15 (39 12) 10 (39 13) 6 (39 14) 1 (39 15) 7 (40 1) 8 (40 2) 10 (40 3) 11
 (40 4) 12 (40 5) 15 (40 6) 1 (40 7) 4 (40 8) 7 (40 9) 14 (40 10) 3 (40 11) 2
 (40 12) 6 (40 13) 9 (40 14) 13 (40 15) 5 (41 1) 14 (41 2) 11 (41 3) 2 (41
 4) 10 (41 5) 1 (41 6) 5 (41 7) 13 (41 8) 9 (41 9) 15 (41 10) 7 (41 11) 3 (41
 12) 8 (41 13) 12 (41 14) 4 (41 15) 6 (42 1) 5 (42 2) 6 (42 3) 10 (42 4) 11
 (42 5) 2 (42 6) 8 (42 7) 4 (42 8) 9 (42 9) 7 (42 10) 1 (42 11) 13 (42 12) 3
 (42 13) 14 (42 14) 15 (42 15) 12 (43 1) 10 (43 2) 8 (43 3) 7 (43 4) 12 (43
 5) 14 (43 6) 11 (43 7) 1 (43 8) 13 (43 9) 15 (43 10) 5 (43 11) 4 (43 12) 9
 (43 13) 6 (43 14) 3 (43 15) 2 (44 1) 8 (44 2) 6 (44 3) 9 (44 4) 13 (44 5) 14
 (44 6) 1 (44 7) 11 (44 8) 2 (44 9) 4 (44 10) 5 (44 11) 7 (44 12) 3 (44 13) 12
 (44 14) 15 (44 15) 10 (45 1) 9 (45 2) 7 (45 3) 5 (45 4) 11 (45 5) 8 (45 6) 13
 (45 7) 10 (45 8) 6 (45 9) 4 (45 10) 12 (45 11) 1 (45 12) 2 (45 13) 3 (45 14) 14
 (45 15) 15 (46 1) 11 (46 2) 10 (46 3) 4 (46 4) 7 (46 5) 14 (46 6) 1 (46 7) 6
 (46 8) 3 (46 9) 13 (46 10) 12 (46 11) 2 (46 12) 8 (46 13) 9 (46 14) 15 (46
 15) 5 (47 1) 4 (47 2) 13 (47 3) 11 (47 4) 15 (47 5) 3 (47 6) 8 (47 7) 10 (47
 8) 12 (47 9) 1 (47 10) 2 (47 11) 7 (47 12) 9 (47 13) 6 (47 14) 14 (47 15) 5
 (48 1) 14 (48 2) 5 (48 3) 2 (48 4) 8 (48 5) 7 (48 6) 13 (48 7) 6 (48 8) 12
 (48 9) 10 (48 10) 1 (48 11) 3 (48 12) 4 (48 13) 11 (48 14) 15 (48 15) 9 (49
 1) 4 (49 2) 2 (49 3) 11 (49 4) 5 (49 5) 1 (49 6) 13 (49 7) 6 (49 8) 14 (49
 9) 8 (49 10) 9 (49 11) 12 (49 12) 3 (49 13) 15 (49 14) 10 (49 15) 7 (50 1) 3
 (50 2) 7 (50 3) 12 (50 4) 9 (50 5) 10 (50 6) 13 (50 7) 14 (50 8) 1 (50 9) 11
 (50 10) 5 (50 11) 2 (50 12) 8 (50 13) 4 (50 14) 15 (50 15) 6 (51 1) 10 (51
 2) 5 (51 3) 8 (51 4) 7 (51 5) 1 (51 6) 14 (51 7) 4 (51 8) 3 (51 9) 15 (51
 10) 11 (51 11) 6 (51 12) 13 (51 13) 2 (51 14) 12 (51 15) 9 (52 1) 12 (52 2) 4
 (52 3) 3 (52 4) 7 (52 5) 6 (52 6) 11 (52 7) 13 (52 8) 15 (52 9) 1 (52 10) 5
 (52 11) 2 (52 12) 10 (52 13) 14 (52 14) 9 (52 15) 8 (53 1) 2 (53 2) 10 (53
 3) 3 (53 4) 12 (53 5) 5 (53 6) 7 (53 7) 1 (53 8) 11 (53 9) 9 (53 10) 15 (53
 11) 4 (53 12) 6 (53 13) 8 (53 14) 14 (53 15) 13 (54 1) 14 (54 2) 4 (54 3) 9
 (54 4) 7 (54 5) 8 (54 6) 15 (54 7) 1 (54 8) 12 (54 9) 11 (54 10) 6 (54 11) 13
 (54 12) 3 (54 13) 2 (54 14) 10 (54 15) 5 (55 1) 15 (55 2) 6 (55 3) 4 (55 4) 14
 (55 5) 9 (55 6) 10 (55 7) 13 (55 8) 8 (55 9) 2 (55 10) 12 (55 11) 5 (55 12) 3
 (55 13) 7 (55 14) 1 (55 15) 11 (56 1) 7 (56 2) 10 (56 3) 8 (56 4) 13 (56 5) 6
 (56 6) 9 (56 7) 3 (56 8) 12 (56 9) 4 (56 10) 15 (56 11) 2 (56 12) 14 (56 13) 5
 (56 14) 11 (56 15) 1 (57 1) 11 (57 2) 12 (57 3) 3 (57 4) 7 (57 5) 2 (57 6) 14
 (57 7) 13 (57 8) 8 (57 9) 15 (57 10) 5 (57 11) 1 (57 12) 9 (57 13) 4 (57 14) 6
 (57 15) 10 (58 1) 4 (58 2) 14 (58 3) 11 (58 4) 8 (58 5) 2 (58 6) 3 (58 7) 15
 (58 8) 1 (58 9) 13 (58 10) 5 (58 11) 12 (58 12) 9 (58 13) 10 (58 14) 6 (58
 15) 7 (59 1) 10 (59 2) 4 (59 3) 11 (59 4) 14 (59 5) 2 (59 6) 5 (59 7) 9 (59
 8) 8 (59 9) 3 (59 10) 7 (59 11) 1 (59 12) 12 (59 13) 15 (59 14) 6 (59 15) 13
 (60 1) 4 (60 2) 13 (60 3) 3 (60 4) 6 (60 5) 10 (60 6) 5 (60 7) 8 (60 8) 2
 (60 9) 14 (60 10) 1 (60 11) 15 (60 12) 9 (60 13) 11 (60 14) 7 (60 15) 12 (61
 1) 2 (61 2) 10 (61 3) 7 (61 4) 15 (61 5) 3 (61 6) 13 (61 7) 14 (61 8) 9 (61
 9) 12 (61 10) 6 (61 11) 4 (61 12) 1 (61 13) 8 (61 14) 11 (61 15) 5 (62 1) 13
 (62 2) 8 (62 3) 1 (62 4) 4 (62 5) 9 (62 6) 14 (62 7) 7 (62 8) 3 (62 9) 15
 (62 10) 10 (62 11) 2 (62 12) 5 (62 13) 11 (62 14) 12 (62 15) 6 (63 1) 1 (63
 2) 15 (63 3) 6 (63 4) 13 (63 5) 8 (63 6) 7 (63 7) 14 (63 8) 2 (63 9) 9 (63
 10) 3 (63 11) 5 (63 12) 4 (63 13) 12 (63 14) 11 (63 15) 10 (64 1) 12 (64 2) 3
 (64 3) 9 (64 4) 2 (64 5) 7 (64 6) 1 (64 7) 5 (64 8) 13 (64 9) 10 (64 10) 14
 (64 11) 11 (64 12) 6 (64 13) 8 (64 14) 15 (64 15) 4 (65 1) 14 (65 2) 12 (65
 3) 6 (65 4) 4 (65 5) 15 (65 6) 10 (65 7) 1 (65 8) 7 (65 9) 5 (65 10) 13 (65
 11) 2 (65 12) 3 (65 13) 9 (65 14) 11 (65 15) 8 (66 1) 4 (66 2) 6 (66 3) 10
 (66 4) 9 (66 5) 2 (66 6) 1 (66 7) 3 (66 8) 13 (66 9) 8 (66 10) 11 (66 11) 5
 (66 12) 12 (66 13) 7 (66 14) 15 (66 15) 14 (67 1) 4 (67 2) 15 (67 3) 8 (67
 4) 3 (67 5) 12 (67 6) 11 (67 7) 1 (67 8) 14 (67 9) 13 (67 10) 2 (67 11) 5
 (67 12) 7 (67 13) 6 (67 14) 10 (67 15) 9 (68 1) 5 (68 2) 7 (68 3) 2 (68 4) 15
 (68 5) 14 (68 6) 10 (68 7) 4 (68 8) 1 (68 9) 9 (68 10) 8 (68 11) 3 (68 12) 6
 (68 13) 12 (68 14) 11 (68 15) 13 (69 1) 4 (69 2) 8 (69 3) 11 (69 4) 1 (69
 5) 9 (69 6) 10 (69 7) 3 (69 8) 6 (69 9) 15 (69 10) 12 (69 11) 2 (69 12) 5
 (69 13) 14 (69 14) 7 (69 15) 13 (70 1) 8 (70 2) 1 (70 3) 3 (70 4) 11 (70 5) 4
 (70 6) 12 (70 7) 9 (70 8) 7 (70 9) 5 (70 10) 6 (70 11) 14 (70 12) 15 (70 13) 2
 (70 14) 13 (70 15) 10 (71 1) 3 (71 2) 6 (71 3) 4 (71 4) 9 (71 5) 15 (71 6) 11
 (71 7) 5 (71 8) 13 (71 9) 1 (71 10) 7 (71 11) 12 (71 12) 8 (71 13) 2 (71 14) 14
 (71 15) 10 (72 1) 9 (72 2) 1 (72 3) 7 (72 4) 8 (72 5) 4 (72 6) 15 (72 7) 10
 (72 8) 2 (72 9) 6 (72 10) 5 (72 11) 11 (72 12) 12 (72 13) 13 (72 14) 3 (72
 15) 14 (73 1) 11 (73 2) 14 (73 3) 5 (73 4) 15 (73 5) 9 (73 6) 12 (73 7) 13
 (73 8) 3 (73 9) 2 (73 10) 8 (73 11) 10 (73 12) 4 (73 13) 6 (73 14) 7 (73 15) 1
 (74 1) 2 (74 2) 11 (74 3) 14 (74 4) 4 (74 5) 3 (74 6) 10 (74 7) 8 (74 8) 1
 (74 9) 9 (74 10) 13 (74 11) 7 (74 12) 6 (74 13) 15 (74 14) 5 (74 15) 12 (75
 1) 2 (75 2) 4 (75 3) 10 (75 4) 15 (75 5) 13 (75 6) 3 (75 7) 8 (75 8) 11 (75
 9) 6 (75 10) 9 (75 11) 1 (75 12) 12 (75 13) 5 (75 14) 7 (75 15) 14 (76 1) 13
 (76 2) 6 (76 3) 3 (76 4) 2 (76 5) 15 (76 6) 9 (76 7) 5 (76 8) 10 (76 9) 4
 (76 10) 1 (76 11) 12 (76 12) 8 (76 13) 14 (76 14) 7 (76 15) 11 (77 1) 3 (77
 2) 13 (77 3) 6 (77 4) 5 (77 5) 4 (77 6) 7 (77 7) 10 (77 8) 12 (77 9) 9 (77
 10) 15 (77 11) 1 (77 12) 8 (77 13) 11 (77 14) 14 (77 15) 2 (78 1) 9 (78 2) 14
 (78 3) 12 (78 4) 4 (78 5) 7 (78 6) 1 (78 7) 10 (78 8) 6 (78 9) 11 (78 10) 3
 (78 11) 2 (78 12) 8 (78 13) 15 (78 14) 13 (78 15) 5 (79 1) 8 (79 2) 6 (79
 3) 3 (79 4) 4 (79 5) 7 (79 6) 14 (79 7) 12 (79 8) 10 (79 9) 2 (79 10) 11 (79
 11) 15 (79 12) 13 (79 13) 9 (79 14) 5 (79 15) 1 (80 1) 15 (80 2) 12 (80 3) 5
 (80 4) 6 (80 5) 13 (80 6) 4 (80 7) 8 (80 8) 2 (80 9) 11 (80 10) 3 (80 11) 14
 (80 12) 10 (80 13) 1 (80 14) 9 (80 15) 7 (81 1) 11 (81 2) 5 (81 3) 6 (81 4) 12
 (81 5) 3 (81 6) 7 (81 7) 10 (81 8) 1 (81 9) 9 (81 10) 8 (81 11) 13 (81 12) 14
 (81 13) 15 (81 14) 2 (81 15) 4 (82 1) 9 (82 2) 5 (82 3) 15 (82 4) 3 (82 5) 2
 (82 6) 6 (82 7) 1 (82 8) 7 (82 9) 10 (82 10) 13 (82 11) 4 (82 12) 11 (82 13) 14
 (82 14) 12 (82 15) 8 (83 1) 4 (83 2) 13 (83 3) 5 (83 4) 7 (83 5) 11 (83 6) 9
 (83 7) 8 (83 8) 1 (83 9) 10 (83 10) 14 (83 11) 3 (83 12) 2 (83 13) 6 (83 14) 12
 (83 15) 15 (84 1) 3 (84 2) 13 (84 3) 15 (84 4) 1 (84 5) 10 (84 6) 7 (84 7) 6
 (84 8) 14 (84 9) 2 (84 10) 8 (84 11) 9 (84 12) 4 (84 13) 11 (84 14) 12 (84
 15) 5 (85 1) 7 (85 2) 4 (85 3) 10 (85 4) 15 (85 5) 6 (85 6) 11 (85 7) 1 (85
 8) 3 (85 9) 5 (85 10) 2 (85 11) 13 (85 12) 9 (85 13) 12 (85 14) 14 (85 15) 8
 (86 1) 12 (86 2) 6 (86 3) 13 (86 4) 8 (86 5) 5 (86 6) 3 (86 7) 15 (86 8) 2
 (86 9) 11 (86 10) 10 (86 11) 9 (86 12) 14 (86 13) 4 (86 14) 7 (86 15) 1 (87
 1) 9 (87 2) 4 (87 3) 3 (87 4) 7 (87 5) 6 (87 6) 14 (87 7) 15 (87 8) 10 (87
 9) 12 (87 10) 1 (87 11) 11 (87 12) 13 (87 13) 8 (87 14) 5 (87 15) 2 (88 1) 2
 (88 2) 8 (88 3) 3 (88 4) 9 (88 5) 5 (88 6) 10 (88 7) 15 (88 8) 14 (88 9) 11
 (88 10) 13 (88 11) 7 (88 12) 12 (88 13) 6 (88 14) 1 (88 15) 4 (89 1) 5 (89
 2) 11 (89 3) 1 (89 4) 15 (89 5) 4 (89 6) 9 (89 7) 10 (89 8) 3 (89 9) 2 (89
 10) 12 (89 11) 14 (89 12) 13 (89 13) 8 (89 14) 6 (89 15) 7 (90 1) 1 (90 2) 15
 (90 3) 5 (90 4) 7 (90 5) 14 (90 6) 11 (90 7) 9 (90 8) 2 (90 9) 8 (90 10) 6
 (90 11) 12 (90 12) 4 (90 13) 13 (90 14) 10 (90 15) 3 (91 1) 1 (91 2) 13 (91
 3) 3 (91 4) 14 (91 5) 12 (91 6) 6 (91 7) 10 (91 8) 5 (91 9) 2 (91 10) 15 (91
 11) 7 (91 12) 11 (91 13) 8 (91 14) 4 (91 15) 9 (92 1) 9 (92 2) 1 (92 3) 11
 (92 4) 7 (92 5) 15 (92 6) 5 (92 7) 3 (92 8) 2 (92 9) 8 (92 10) 13 (92 11) 6
 (92 12) 14 (92 13) 4 (92 14) 12 (92 15) 10 (93 1) 9 (93 2) 15 (93 3) 5 (93
 4) 2 (93 5) 13 (93 6) 10 (93 7) 11 (93 8) 14 (93 9) 3 (93 10) 4 (93 11) 1
 (93 12) 7 (93 13) 8 (93 14) 12 (93 15) 6 (94 1) 5 (94 2) 8 (94 3) 4 (94 4) 13
 (94 5) 14 (94 6) 9 (94 7) 15 (94 8) 1 (94 9) 10 (94 10) 6 (94 11) 12 (94 12) 3
 (94 13) 7 (94 14) 11 (94 15) 2 (95 1) 12 (95 2) 9 (95 3) 5 (95 4) 8 (95 5) 2
 (95 6) 3 (95 7) 11 (95 8) 4 (95 9) 6 (95 10) 13 (95 11) 7 (95 12) 10 (95 13) 15
 (95 14) 1 (95 15) 14 (96 1) 8 (96 2) 13 (96 3) 11 (96 4) 5 (96 5) 14 (96 6) 9
 (96 7) 1 (96 8) 7 (96 9) 4 (96 10) 10 (96 11) 3 (96 12) 12 (96 13) 2 (96 14) 15
 (96 15) 6 (97 1) 14 (97 2) 7 (97 3) 5 (97 4) 2 (97 5) 3 (97 6) 1 (97 7) 11
 (97 8) 9 (97 9) 4 (97 10) 6 (97 11) 15 (97 12) 8 (97 13) 13 (97 14) 10 (97
 15) 12 (98 1) 5 (98 2) 15 (98 3) 14 (98 4) 10 (98 5) 12 (98 6) 8 (98 7) 11
 (98 8) 7 (98 9) 3 (98 10) 6 (98 11) 13 (98 12) 4 (98 13) 9 (98 14) 1 (98 15) 2
 (99 1) 6 (99 2) 3 (99 3) 11 (99 4) 1 (99 5) 13 (99 6) 8 (99 7) 15 (99 8) 4
 (99 9) 10 (99 10) 14 (99 11) 5 (99 12) 2 (99 13) 7 (99 14) 12 (99 15) 9 (100
 1) 15 (100 2) 8 (100 3) 10 (100 4) 7 (100 5) 1 (100 6) 14 (100 7) 12 (100
 8) 11 (100 9) 2 (100 10) 9 (100 11) 6 (100 12) 3 (100 13) 13 (100 14) 5 (100
 15) 4]
