nI: 50
nJ: 10
CapsJ: 12
nIns: 3
CostJ: [(1) 123 (2) 109 (3) 110 (4) 107 (5) 116 (6) 123 (7) 110 (8) 119 (9) 123 (10) 115]
CapJ: [(1) 12 (2) 12 (3) 12 (4) 12 (5) 12 (6) 12 (7) 12 (8) 12 (9) 12 (10) 12]
CostIJ: [(1 1) 26 (1 2) 30 (1 3) 25 (1 4) 12 (1 5) 11 (1 6) 12 (1 7) 15 (1 8) 12 (1
 9) 24 (1 10) 20 (2 1) 29 (2 2) 17 (2 3) 28 (2 4) 15 (2 5) 13 (2 6) 20 (2 7) 29
 (2 8) 16 (2 9) 22 (2 10) 12 (3 1) 21 (3 2) 16 (3 3) 18 (3 4) 10 (3 5) 16 (3
 6) 22 (3 7) 18 (3 8) 10 (3 9) 21 (3 10) 14 (4 1) 25 (4 2) 19 (4 3) 24 (4 4) 29
 (4 5) 30 (4 6) 16 (4 7) 24 (4 8) 11 (4 9) 13 (4 10) 19 (5 1) 26 (5 2) 27 (5
 3) 24 (5 4) 11 (5 5) 23 (5 6) 24 (5 7) 14 (5 8) 10 (5 9) 15 (5 10) 14 (6 1) 10
 (6 2) 13 (6 3) 24 (6 4) 15 (6 5) 19 (6 6) 22 (6 7) 22 (6 8) 13 (6 9) 20 (6
 10) 17 (7 1) 19 (7 2) 30 (7 3) 23 (7 4) 19 (7 5) 14 (7 6) 15 (7 7) 30 (7 8) 26
 (7 9) 30 (7 10) 18 (8 1) 23 (8 2) 28 (8 3) 19 (8 4) 22 (8 5) 15 (8 6) 10 (8
 7) 24 (8 8) 29 (8 9) 28 (8 10) 27 (9 1) 28 (9 2) 25 (9 3) 16 (9 4) 13 (9 5) 10
 (9 6) 14 (9 7) 13 (9 8) 15 (9 9) 21 (9 10) 17 (10 1) 30 (10 2) 17 (10 3) 10
 (10 4) 24 (10 5) 17 (10 6) 11 (10 7) 15 (10 8) 10 (10 9) 16 (10 10) 29 (11
 1) 23 (11 2) 28 (11 3) 20 (11 4) 13 (11 5) 10 (11 6) 26 (11 7) 10 (11 8) 29
 (11 9) 20 (11 10) 25 (12 1) 22 (12 2) 20 (12 3) 28 (12 4) 26 (12 5) 22 (12
 6) 10 (12 7) 13 (12 8) 22 (12 9) 23 (12 10) 23 (13 1) 21 (13 2) 21 (13 3) 11
 (13 4) 24 (13 5) 20 (13 6) 13 (13 7) 11 (13 8) 27 (13 9) 26 (13 10) 27 (14
 1) 22 (14 2) 14 (14 3) 24 (14 4) 10 (14 5) 20 (14 6) 29 (14 7) 16 (14 8) 19
 (14 9) 12 (14 10) 22 (15 1) 11 (15 2) 21 (15 3) 11 (15 4) 21 (15 5) 20 (15
 6) 19 (15 7) 14 (15 8) 21 (15 9) 11 (15 10) 20 (16 1) 11 (16 2) 20 (16 3) 29
 (16 4) 14 (16 5) 26 (16 6) 25 (16 7) 19 (16 8) 25 (16 9) 12 (16 10) 30 (17
 1) 25 (17 2) 27 (17 3) 21 (17 4) 15 (17 5) 21 (17 6) 26 (17 7) 15 (17 8) 29
 (17 9) 29 (17 10) 24 (18 1) 24 (18 2) 29 (18 3) 30 (18 4) 21 (18 5) 13 (18
 6) 12 (18 7) 16 (18 8) 12 (18 9) 14 (18 10) 28 (19 1) 24 (19 2) 24 (19 3) 22
 (19 4) 20 (19 5) 12 (19 6) 24 (19 7) 25 (19 8) 14 (19 9) 22 (19 10) 22 (20
 1) 14 (20 2) 14 (20 3) 13 (20 4) 26 (20 5) 16 (20 6) 22 (20 7) 16 (20 8) 22
 (20 9) 22 (20 10) 12 (21 1) 29 (21 2) 19 (21 3) 23 (21 4) 16 (21 5) 18 (21
 6) 23 (21 7) 13 (21 8) 23 (21 9) 16 (21 10) 17 (22 1) 21 (22 2) 19 (22 3) 23
 (22 4) 19 (22 5) 29 (22 6) 28 (22 7) 15 (22 8) 27 (22 9) 26 (22 10) 30 (23
 1) 24 (23 2) 18 (23 3) 22 (23 4) 20 (23 5) 30 (23 6) 20 (23 7) 26 (23 8) 10
 (23 9) 20 (23 10) 28 (24 1) 20 (24 2) 15 (24 3) 15 (24 4) 13 (24 5) 13 (24
 6) 10 (24 7) 22 (24 8) 17 (24 9) 20 (24 10) 26 (25 1) 20 (25 2) 12 (25 3) 28
 (25 4) 10 (25 5) 24 (25 6) 12 (25 7) 19 (25 8) 22 (25 9) 23 (25 10) 29 (26
 1) 27 (26 2) 27 (26 3) 14 (26 4) 12 (26 5) 28 (26 6) 24 (26 7) 27 (26 8) 12
 (26 9) 27 (26 10) 19 (27 1) 20 (27 2) 23 (27 3) 22 (27 4) 16 (27 5) 16 (27
 6) 25 (27 7) 26 (27 8) 26 (27 9) 18 (27 10) 27 (28 1) 23 (28 2) 14 (28 3) 17
 (28 4) 26 (28 5) 13 (28 6) 12 (28 7) 29 (28 8) 15 (28 9) 23 (28 10) 14 (29
 1) 19 (29 2) 14 (29 3) 25 (29 4) 14 (29 5) 30 (29 6) 29 (29 7) 28 (29 8) 10
 (29 9) 16 (29 10) 12 (30 1) 30 (30 2) 22 (30 3) 27 (30 4) 23 (30 5) 12 (30
 6) 24 (30 7) 29 (30 8) 23 (30 9) 28 (30 10) 19 (31 1) 23 (31 2) 16 (31 3) 18
 (31 4) 13 (31 5) 19 (31 6) 22 (31 7) 26 (31 8) 26 (31 9) 13 (31 10) 14 (32
 1) 26 (32 2) 28 (32 3) 24 (32 4) 22 (32 5) 15 (32 6) 17 (32 7) 12 (32 8) 25
 (32 9) 24 (32 10) 15 (33 1) 29 (33 2) 29 (33 3) 28 (33 4) 27 (33 5) 24 (33
 6) 13 (33 7) 22 (33 8) 17 (33 9) 23 (33 10) 20 (34 1) 10 (34 2) 27 (34 3) 18
 (34 4) 21 (34 5) 24 (34 6) 19 (34 7) 22 (34 8) 12 (34 9) 30 (34 10) 28 (35
 1) 19 (35 2) 29 (35 3) 27 (35 4) 26 (35 5) 18 (35 6) 23 (35 7) 22 (35 8) 15
 (35 9) 19 (35 10) 29 (36 1) 28 (36 2) 16 (36 3) 18 (36 4) 23 (36 5) 24 (36
 6) 25 (36 7) 24 (36 8) 11 (36 9) 27 (36 10) 24 (37 1) 17 (37 2) 23 (37 3) 13
 (37 4) 23 (37 5) 28 (37 6) 13 (37 7) 28 (37 8) 10 (37 9) 14 (37 10) 21 (38
 1) 27 (38 2) 12 (38 3) 19 (38 4) 27 (38 5) 13 (38 6) 28 (38 7) 17 (38 8) 27
 (38 9) 29 (38 10) 23 (39 1) 16 (39 2) 18 (39 3) 29 (39 4) 27 (39 5) 29 (39
 6) 11 (39 7) 22 (39 8) 26 (39 9) 15 (39 10) 30 (40 1) 26 (40 2) 23 (40 3) 29
 (40 4) 30 (40 5) 16 (40 6) 23 (40 7) 23 (40 8) 26 (40 9) 21 (40 10) 26 (41
 1) 14 (41 2) 25 (41 3) 18 (41 4) 12 (41 5) 10 (41 6) 29 (41 7) 22 (41 8) 17
 (41 9) 20 (41 10) 26 (42 1) 20 (42 2) 22 (42 3) 24 (42 4) 23 (42 5) 16 (42
 6) 16 (42 7) 11 (42 8) 10 (42 9) 20 (42 10) 12 (43 1) 19 (43 2) 23 (43 3) 24
 (43 4) 10 (43 5) 23 (43 6) 25 (43 7) 16 (43 8) 27 (43 9) 19 (43 10) 16 (44
 1) 13 (44 2) 30 (44 3) 27 (44 4) 15 (44 5) 13 (44 6) 19 (44 7) 21 (44 8) 17
 (44 9) 20 (44 10) 18 (45 1) 15 (45 2) 27 (45 3) 14 (45 4) 11 (45 5) 10 (45
 6) 30 (45 7) 23 (45 8) 20 (45 9) 20 (45 10) 21 (46 1) 14 (46 2) 18 (46 3) 24
 (46 4) 24 (46 5) 21 (46 6) 24 (46 7) 30 (46 8) 10 (46 9) 21 (46 10) 22 (47
 1) 15 (47 2) 23 (47 3) 28 (47 4) 29 (47 5) 15 (47 6) 29 (47 7) 25 (47 8) 30
 (47 9) 25 (47 10) 19 (48 1) 22 (48 2) 13 (48 3) 21 (48 4) 13 (48 5) 29 (48
 6) 29 (48 7) 23 (48 8) 11 (48 9) 20 (48 10) 22 (49 1) 30 (49 2) 18 (49 3) 27
 (49 4) 28 (49 5) 28 (49 6) 15 (49 7) 28 (49 8) 19 (49 9) 28 (49 10) 16 (50
 1) 20 (50 2) 14 (50 3) 23 (50 4) 14 (50 5) 30 (50 6) 28 (50 7) 17 (50 8) 17
 (50 9) 26 (50 10) 14]
Pref: [(1 1) 5 (1 2) 6 (1 3) 1 (1 4) 3 (1 5) 8 (1 6) 9 (1 7) 2 (1 8) 4 (1 9) 10 (1
 10) 7 (2 1) 1 (2 2) 4 (2 3) 3 (2 4) 5 (2 5) 9 (2 6) 10 (2 7) 2 (2 8) 8 (2
 9) 7 (2 10) 6 (3 1) 1 (3 2) 9 (3 3) 5 (3 4) 2 (3 5) 3 (3 6) 6 (3 7) 4 (3 8) 8
 (3 9) 10 (3 10) 7 (4 1) 8 (4 2) 10 (4 3) 7 (4 4) 3 (4 5) 6 (4 6) 9 (4 7) 1
 (4 8) 2 (4 9) 4 (4 10) 5 (5 1) 8 (5 2) 4 (5 3) 3 (5 4) 5 (5 5) 6 (5 6) 7 (5
 7) 2 (5 8) 9 (5 9) 10 (5 10) 1 (6 1) 8 (6 2) 3 (6 3) 2 (6 4) 1 (6 5) 7 (6
 6) 4 (6 7) 10 (6 8) 9 (6 9) 6 (6 10) 5 (7 1) 6 (7 2) 8 (7 3) 1 (7 4) 10 (7
 5) 4 (7 6) 2 (7 7) 7 (7 8) 3 (7 9) 5 (7 10) 9 (8 1) 5 (8 2) 3 (8 3) 2 (8 4) 7
 (8 5) 6 (8 6) 10 (8 7) 1 (8 8) 8 (8 9) 9 (8 10) 4 (9 1) 3 (9 2) 6 (9 3) 7
 (9 4) 5 (9 5) 4 (9 6) 8 (9 7) 2 (9 8) 9 (9 9) 1 (9 10) 10 (10 1) 3 (10 2) 8
 (10 3) 9 (10 4) 10 (10 5) 2 (10 6) 4 (10 7) 1 (10 8) 5 (10 9) 6 (10 10) 7
 (11 1) 10 (11 2) 5 (11 3) 4 (11 4) 6 (11 5) 2 (11 6) 7 (11 7) 9 (11 8) 3 (11
 9) 1 (11 10) 8 (12 1) 3 (12 2) 1 (12 3) 5 (12 4) 6 (12 5) 10 (12 6) 2 (12
 7) 4 (12 8) 8 (12 9) 9 (12 10) 7 (13 1) 5 (13 2) 4 (13 3) 7 (13 4) 2 (13 5) 3
 (13 6) 8 (13 7) 10 (13 8) 9 (13 9) 1 (13 10) 6 (14 1) 3 (14 2) 10 (14 3) 5
 (14 4) 1 (14 5) 2 (14 6) 8 (14 7) 6 (14 8) 9 (14 9) 4 (14 10) 7 (15 1) 4 (15
 2) 2 (15 3) 8 (15 4) 5 (15 5) 6 (15 6) 9 (15 7) 7 (15 8) 10 (15 9) 1 (15 10) 3
 (16 1) 1 (16 2) 2 (16 3) 6 (16 4) 4 (16 5) 9 (16 6) 7 (16 7) 8 (16 8) 5 (16
 9) 3 (16 10) 10 (17 1) 6 (17 2) 7 (17 3) 2 (17 4) 5 (17 5) 8 (17 6) 1 (17
 7) 4 (17 8) 9 (17 9) 10 (17 10) 3 (18 1) 4 (18 2) 6 (18 3) 1 (18 4) 8 (18
 5) 3 (18 6) 10 (18 7) 5 (18 8) 2 (18 9) 9 (18 10) 7 (19 1) 4 (19 2) 3 (19
 3) 7 (19 4) 5 (19 5) 9 (19 6) 1 (19 7) 6 (19 8) 2 (19 9) 10 (19 10) 8 (20
 1) 4 (20 2) 9 (20 3) 6 (20 4) 5 (20 5) 8 (20 6) 10 (20 7) 1 (20 8) 7 (20 9) 3
 (20 10) 2 (21 1) 6 (21 2) 1 (21 3) 5 (21 4) 2 (21 5) 4 (21 6) 7 (21 7) 9 (21
 8) 10 (21 9) 8 (21 10) 3 (22 1) 5 (22 2) 1 (22 3) 9 (22 4) 7 (22 5) 8 (22
 6) 6 (22 7) 4 (22 8) 10 (22 9) 3 (22 10) 2 (23 1) 3 (23 2) 4 (23 3) 2 (23
 4) 5 (23 5) 8 (23 6) 7 (23 7) 10 (23 8) 1 (23 9) 6 (23 10) 9 (24 1) 7 (24
 2) 3 (24 3) 6 (24 4) 8 (24 5) 10 (24 6) 4 (24 7) 2 (24 8) 5 (24 9) 9 (24 10) 1
 (25 1) 5 (25 2) 3 (25 3) 2 (25 4) 4 (25 5) 1 (25 6) 8 (25 7) 7 (25 8) 6 (25
 9) 10 (25 10) 9 (26 1) 3 (26 2) 8 (26 3) 9 (26 4) 1 (26 5) 7 (26 6) 5 (26
 7) 10 (26 8) 2 (26 9) 6 (26 10) 4 (27 1) 1 (27 2) 6 (27 3) 9 (27 4) 2 (27
 5) 5 (27 6) 7 (27 7) 10 (27 8) 4 (27 9) 8 (27 10) 3 (28 1) 2 (28 2) 4 (28
 3) 9 (28 4) 6 (28 5) 10 (28 6) 7 (28 7) 3 (28 8) 5 (28 9) 8 (28 10) 1 (29
 1) 3 (29 2) 10 (29 3) 7 (29 4) 8 (29 5) 6 (29 6) 2 (29 7) 9 (29 8) 5 (29 9) 1
 (29 10) 4 (30 1) 6 (30 2) 8 (30 3) 10 (30 4) 9 (30 5) 2 (30 6) 4 (30 7) 1
 (30 8) 3 (30 9) 5 (30 10) 7 (31 1) 7 (31 2) 4 (31 3) 8 (31 4) 1 (31 5) 6 (31
 6) 3 (31 7) 9 (31 8) 5 (31 9) 10 (31 10) 2 (32 1) 9 (32 2) 4 (32 3) 2 (32
 4) 6 (32 5) 3 (32 6) 1 (32 7) 7 (32 8) 8 (32 9) 10 (32 10) 5 (33 1) 3 (33
 2) 2 (33 3) 1 (33 4) 7 (33 5) 4 (33 6) 10 (33 7) 9 (33 8) 8 (33 9) 6 (33 10) 5
 (34 1) 6 (34 2) 2 (34 3) 4 (34 4) 10 (34 5) 3 (34 6) 5 (34 7) 9 (34 8) 1 (34
 9) 8 (34 10) 7 (35 1) 2 (35 2) 1 (35 3) 4 (35 4) 7 (35 5) 8 (35 6) 5 (35 7) 6
 (35 8) 10 (35 9) 3 (35 10) 9 (36 1) 3 (36 2) 1 (36 3) 6 (36 4) 2 (36 5) 7
 (36 6) 8 (36 7) 4 (36 8) 10 (36 9) 9 (36 10) 5 (37 1) 9 (37 2) 2 (37 3) 3
 (37 4) 5 (37 5) 8 (37 6) 6 (37 7) 1 (37 8) 4 (37 9) 10 (37 10) 7 (38 1) 6
 (38 2) 10 (38 3) 3 (38 4) 4 (38 5) 5 (38 6) 8 (38 7) 1 (38 8) 9 (38 9) 7 (38
 10) 2 (39 1) 1 (39 2) 9 (39 3) 6 (39 4) 3 (39 5) 2 (39 6) 7 (39 7) 10 (39
 8) 5 (39 9) 4 (39 10) 8 (40 1) 9 (40 2) 1 (40 3) 2 (40 4) 5 (40 5) 10 (40
 6) 4 (40 7) 6 (40 8) 7 (40 9) 3 (40 10) 8 (41 1) 9 (41 2) 6 (41 3) 4 (41 4) 8
 (41 5) 2 (41 6) 10 (41 7) 7 (41 8) 5 (41 9) 3 (41 10) 1 (42 1) 6 (42 2) 5
 (42 3) 4 (42 4) 7 (42 5) 9 (42 6) 8 (42 7) 10 (42 8) 1 (42 9) 2 (42 10) 3
 (43 1) 9 (43 2) 5 (43 3) 3 (43 4) 7 (43 5) 4 (43 6) 2 (43 7) 6 (43 8) 1 (43
 9) 10 (43 10) 8 (44 1) 7 (44 2) 4 (44 3) 6 (44 4) 8 (44 5) 5 (44 6) 1 (44
 7) 9 (44 8) 2 (44 9) 3 (44 10) 10 (45 1) 9 (45 2) 2 (45 3) 10 (45 4) 5 (45
 5) 4 (45 6) 7 (45 7) 8 (45 8) 6 (45 9) 3 (45 10) 1 (46 1) 6 (46 2) 10 (46
 3) 2 (46 4) 3 (46 5) 7 (46 6) 5 (46 7) 8 (46 8) 9 (46 9) 1 (46 10) 4 (47 1) 2
 (47 2) 5 (47 3) 4 (47 4) 1 (47 5) 9 (47 6) 7 (47 7) 10 (47 8) 8 (47 9) 6 (47
 10) 3 (48 1) 5 (48 2) 10 (48 3) 6 (48 4) 9 (48 5) 3 (48 6) 1 (48 7) 4 (48
 8) 2 (48 9) 8 (48 10) 7 (49 1) 3 (49 2) 6 (49 3) 5 (49 4) 2 (49 5) 4 (49 6) 10
 (49 7) 9 (49 8) 1 (49 9) 7 (49 10) 8 (50 1) 3 (50 2) 9 (50 3) 4 (50 4) 8 (50
 5) 5 (50 6) 10 (50 7) 1 (50 8) 7 (50 9) 6 (50 10) 2]
