nI: 100
nJ: 10
CapsJ: 24
nIns: 5
CostJ: [(1) 103 (2) 117 (3) 125 (4) 128 (5) 111 (6) 130 (7) 100 (8) 117 (9) 104 (10) 100]
CapJ: [(1) 24 (2) 24 (3) 24 (4) 24 (5) 24 (6) 24 (7) 24 (8) 24 (9) 24 (10) 24]
CostIJ: [(1 1) 25 (1 2) 16 (1 3) 30 (1 4) 25 (1 5) 30 (1 6) 29 (1 7) 13 (1 8) 19 (1
 9) 28 (1 10) 30 (2 1) 22 (2 2) 11 (2 3) 21 (2 4) 20 (2 5) 12 (2 6) 29 (2 7) 21
 (2 8) 17 (2 9) 13 (2 10) 25 (3 1) 27 (3 2) 21 (3 3) 18 (3 4) 25 (3 5) 10 (3
 6) 25 (3 7) 13 (3 8) 26 (3 9) 16 (3 10) 12 (4 1) 27 (4 2) 12 (4 3) 21 (4 4) 24
 (4 5) 27 (4 6) 15 (4 7) 13 (4 8) 12 (4 9) 23 (4 10) 17 (5 1) 16 (5 2) 11 (5
 3) 28 (5 4) 15 (5 5) 25 (5 6) 21 (5 7) 25 (5 8) 19 (5 9) 27 (5 10) 29 (6 1) 30
 (6 2) 27 (6 3) 23 (6 4) 30 (6 5) 10 (6 6) 18 (6 7) 18 (6 8) 29 (6 9) 20 (6
 10) 16 (7 1) 10 (7 2) 24 (7 3) 15 (7 4) 17 (7 5) 18 (7 6) 24 (7 7) 18 (7 8) 27
 (7 9) 27 (7 10) 29 (8 1) 11 (8 2) 28 (8 3) 26 (8 4) 12 (8 5) 17 (8 6) 12 (8
 7) 25 (8 8) 30 (8 9) 26 (8 10) 19 (9 1) 28 (9 2) 12 (9 3) 24 (9 4) 29 (9 5) 11
 (9 6) 20 (9 7) 22 (9 8) 24 (9 9) 17 (9 10) 28 (10 1) 12 (10 2) 26 (10 3) 16
 (10 4) 19 (10 5) 15 (10 6) 12 (10 7) 15 (10 8) 12 (10 9) 12 (10 10) 11 (11
 1) 13 (11 2) 12 (11 3) 22 (11 4) 26 (11 5) 19 (11 6) 18 (11 7) 22 (11 8) 11
 (11 9) 18 (11 10) 27 (12 1) 26 (12 2) 26 (12 3) 21 (12 4) 23 (12 5) 29 (12
 6) 30 (12 7) 30 (12 8) 22 (12 9) 21 (12 10) 13 (13 1) 28 (13 2) 11 (13 3) 21
 (13 4) 27 (13 5) 12 (13 6) 13 (13 7) 10 (13 8) 21 (13 9) 28 (13 10) 20 (14
 1) 12 (14 2) 27 (14 3) 11 (14 4) 25 (14 5) 24 (14 6) 23 (14 7) 18 (14 8) 19
 (14 9) 18 (14 10) 22 (15 1) 16 (15 2) 14 (15 3) 20 (15 4) 29 (15 5) 14 (15
 6) 20 (15 7) 28 (15 8) 13 (15 9) 19 (15 10) 20 (16 1) 23 (16 2) 27 (16 3) 25
 (16 4) 30 (16 5) 25 (16 6) 17 (16 7) 19 (16 8) 13 (16 9) 28 (16 10) 21 (17
 1) 19 (17 2) 20 (17 3) 20 (17 4) 27 (17 5) 23 (17 6) 28 (17 7) 25 (17 8) 29
 (17 9) 26 (17 10) 24 (18 1) 26 (18 2) 26 (18 3) 30 (18 4) 13 (18 5) 30 (18
 6) 20 (18 7) 12 (18 8) 12 (18 9) 25 (18 10) 29 (19 1) 10 (19 2) 30 (19 3) 13
 (19 4) 22 (19 5) 26 (19 6) 18 (19 7) 27 (19 8) 24 (19 9) 22 (19 10) 15 (20
 1) 13 (20 2) 17 (20 3) 24 (20 4) 25 (20 5) 19 (20 6) 14 (20 7) 13 (20 8) 26
 (20 9) 24 (20 10) 26 (21 1) 26 (21 2) 30 (21 3) 15 (21 4) 17 (21 5) 20 (21
 6) 25 (21 7) 11 (21 8) 27 (21 9) 16 (21 10) 17 (22 1) 12 (22 2) 18 (22 3) 16
 (22 4) 30 (22 5) 24 (22 6) 16 (22 7) 17 (22 8) 19 (22 9) 17 (22 10) 29 (23
 1) 14 (23 2) 18 (23 3) 20 (23 4) 10 (23 5) 20 (23 6) 26 (23 7) 17 (23 8) 12
 (23 9) 16 (23 10) 30 (24 1) 12 (24 2) 23 (24 3) 26 (24 4) 29 (24 5) 14 (24
 6) 27 (24 7) 16 (24 8) 10 (24 9) 18 (24 10) 28 (25 1) 11 (25 2) 21 (25 3) 17
 (25 4) 17 (25 5) 29 (25 6) 24 (25 7) 14 (25 8) 24 (25 9) 25 (25 10) 15 (26
 1) 28 (26 2) 10 (26 3) 26 (26 4) 18 (26 5) 14 (26 6) 11 (26 7) 16 (26 8) 14
 (26 9) 16 (26 10) 28 (27 1) 29 (27 2) 11 (27 3) 12 (27 4) 22 (27 5) 15 (27
 6) 22 (27 7) 30 (27 8) 21 (27 9) 17 (27 10) 24 (28 1) 20 (28 2) 26 (28 3) 11
 (28 4) 12 (28 5) 15 (28 6) 18 (28 7) 18 (28 8) 22 (28 9) 23 (28 10) 20 (29
 1) 29 (29 2) 26 (29 3) 30 (29 4) 27 (29 5) 10 (29 6) 28 (29 7) 24 (29 8) 26
 (29 9) 12 (29 10) 13 (30 1) 30 (30 2) 21 (30 3) 16 (30 4) 13 (30 5) 29 (30
 6) 29 (30 7) 25 (30 8) 15 (30 9) 19 (30 10) 30 (31 1) 18 (31 2) 19 (31 3) 30
 (31 4) 13 (31 5) 11 (31 6) 10 (31 7) 12 (31 8) 10 (31 9) 20 (31 10) 11 (32
 1) 20 (32 2) 27 (32 3) 17 (32 4) 28 (32 5) 14 (32 6) 20 (32 7) 10 (32 8) 14
 (32 9) 14 (32 10) 13 (33 1) 29 (33 2) 16 (33 3) 19 (33 4) 18 (33 5) 24 (33
 6) 25 (33 7) 10 (33 8) 19 (33 9) 21 (33 10) 25 (34 1) 29 (34 2) 15 (34 3) 23
 (34 4) 14 (34 5) 26 (34 6) 11 (34 7) 21 (34 8) 27 (34 9) 20 (34 10) 25 (35
 1) 12 (35 2) 27 (35 3) 22 (35 4) 17 (35 5) 14 (35 6) 23 (35 7) 21 (35 8) 23
 (35 9) 18 (35 10) 10 (36 1) 25 (36 2) 29 (36 3) 17 (36 4) 20 (36 5) 29 (36
 6) 25 (36 7) 16 (36 8) 25 (36 9) 14 (36 10) 18 (37 1) 14 (37 2) 14 (37 3) 16
 (37 4) 21 (37 5) 19 (37 6) 14 (37 7) 19 (37 8) 25 (37 9) 18 (37 10) 21 (38
 1) 24 (38 2) 18 (38 3) 23 (38 4) 19 (38 5) 22 (38 6) 23 (38 7) 25 (38 8) 29
 (38 9) 20 (38 10) 17 (39 1) 18 (39 2) 14 (39 3) 30 (39 4) 23 (39 5) 11 (39
 6) 25 (39 7) 20 (39 8) 14 (39 9) 22 (39 10) 15 (40 1) 23 (40 2) 15 (40 3) 12
 (40 4) 13 (40 5) 18 (40 6) 30 (40 7) 17 (40 8) 17 (40 9) 30 (40 10) 25 (41
 1) 19 (41 2) 25 (41 3) 29 (41 4) 11 (41 5) 19 (41 6) 13 (41 7) 27 (41 8) 18
 (41 9) 23 (41 10) 18 (42 1) 16 (42 2) 30 (42 3) 19 (42 4) 10 (42 5) 15 (42
 6) 15 (42 7) 20 (42 8) 27 (42 9) 21 (42 10) 25 (43 1) 29 (43 2) 22 (43 3) 14
 (43 4) 25 (43 5) 25 (43 6) 13 (43 7) 12 (43 8) 16 (43 9) 26 (43 10) 28 (44
 1) 25 (44 2) 10 (44 3) 26 (44 4) 17 (44 5) 26 (44 6) 13 (44 7) 17 (44 8) 20
 (44 9) 21 (44 10) 18 (45 1) 15 (45 2) 15 (45 3) 26 (45 4) 18 (45 5) 29 (45
 6) 10 (45 7) 14 (45 8) 26 (45 9) 11 (45 10) 21 (46 1) 27 (46 2) 30 (46 3) 10
 (46 4) 19 (46 5) 22 (46 6) 25 (46 7) 18 (46 8) 22 (46 9) 13 (46 10) 28 (47
 1) 28 (47 2) 28 (47 3) 13 (47 4) 30 (47 5) 10 (47 6) 17 (47 7) 16 (47 8) 23
 (47 9) 15 (47 10) 26 (48 1) 11 (48 2) 12 (48 3) 11 (48 4) 17 (48 5) 21 (48
 6) 11 (48 7) 28 (48 8) 27 (48 9) 29 (48 10) 19 (49 1) 21 (49 2) 17 (49 3) 11
 (49 4) 18 (49 5) 19 (49 6) 12 (49 7) 28 (49 8) 17 (49 9) 13 (49 10) 21 (50
 1) 15 (50 2) 19 (50 3) 12 (50 4) 28 (50 5) 28 (50 6) 23 (50 7) 28 (50 8) 21
 (50 9) 24 (50 10) 25 (51 1) 20 (51 2) 27 (51 3) 21 (51 4) 19 (51 5) 29 (51
 6) 22 (51 7) 24 (51 8) 20 (51 9) 14 (51 10) 12 (52 1) 24 (52 2) 23 (52 3) 17
 (52 4) 25 (52 5) 21 (52 6) 24 (52 7) 24 (52 8) 29 (52 9) 15 (52 10) 18 (53
 1) 19 (53 2) 24 (53 3) 26 (53 4) 21 (53 5) 18 (53 6) 16 (53 7) 25 (53 8) 10
 (53 9) 16 (53 10) 11 (54 1) 16 (54 2) 13 (54 3) 19 (54 4) 12 (54 5) 11 (54
 6) 29 (54 7) 22 (54 8) 11 (54 9) 30 (54 10) 24 (55 1) 10 (55 2) 29 (55 3) 20
 (55 4) 23 (55 5) 14 (55 6) 23 (55 7) 16 (55 8) 20 (55 9) 10 (55 10) 20 (56
 1) 29 (56 2) 11 (56 3) 16 (56 4) 12 (56 5) 13 (56 6) 14 (56 7) 15 (56 8) 23
 (56 9) 10 (56 10) 25 (57 1) 24 (57 2) 24 (57 3) 28 (57 4) 12 (57 5) 19 (57
 6) 17 (57 7) 25 (57 8) 12 (57 9) 14 (57 10) 11 (58 1) 20 (58 2) 25 (58 3) 17
 (58 4) 14 (58 5) 18 (58 6) 18 (58 7) 16 (58 8) 30 (58 9) 17 (58 10) 25 (59
 1) 15 (59 2) 19 (59 3) 11 (59 4) 18 (59 5) 28 (59 6) 25 (59 7) 30 (59 8) 29
 (59 9) 22 (59 10) 30 (60 1) 23 (60 2) 26 (60 3) 25 (60 4) 18 (60 5) 20 (60
 6) 19 (60 7) 30 (60 8) 16 (60 9) 22 (60 10) 17 (61 1) 24 (61 2) 24 (61 3) 20
 (61 4) 27 (61 5) 30 (61 6) 16 (61 7) 28 (61 8) 20 (61 9) 27 (61 10) 11 (62
 1) 13 (62 2) 20 (62 3) 15 (62 4) 26 (62 5) 12 (62 6) 24 (62 7) 24 (62 8) 19
 (62 9) 14 (62 10) 16 (63 1) 14 (63 2) 27 (63 3) 21 (63 4) 10 (63 5) 14 (63
 6) 18 (63 7) 18 (63 8) 22 (63 9) 17 (63 10) 25 (64 1) 15 (64 2) 14 (64 3) 19
 (64 4) 19 (64 5) 28 (64 6) 10 (64 7) 10 (64 8) 29 (64 9) 22 (64 10) 10 (65
 1) 30 (65 2) 17 (65 3) 18 (65 4) 26 (65 5) 10 (65 6) 13 (65 7) 13 (65 8) 20
 (65 9) 15 (65 10) 26 (66 1) 26 (66 2) 26 (66 3) 20 (66 4) 26 (66 5) 26 (66
 6) 25 (66 7) 28 (66 8) 21 (66 9) 27 (66 10) 17 (67 1) 12 (67 2) 29 (67 3) 17
 (67 4) 25 (67 5) 17 (67 6) 27 (67 7) 16 (67 8) 17 (67 9) 30 (67 10) 13 (68
 1) 25 (68 2) 25 (68 3) 26 (68 4) 20 (68 5) 19 (68 6) 18 (68 7) 15 (68 8) 15
 (68 9) 13 (68 10) 11 (69 1) 30 (69 2) 16 (69 3) 16 (69 4) 14 (69 5) 19 (69
 6) 17 (69 7) 15 (69 8) 19 (69 9) 15 (69 10) 29 (70 1) 21 (70 2) 23 (70 3) 13
 (70 4) 23 (70 5) 10 (70 6) 30 (70 7) 29 (70 8) 22 (70 9) 10 (70 10) 21 (71
 1) 22 (71 2) 10 (71 3) 30 (71 4) 16 (71 5) 19 (71 6) 25 (71 7) 27 (71 8) 22
 (71 9) 26 (71 10) 11 (72 1) 13 (72 2) 10 (72 3) 19 (72 4) 19 (72 5) 26 (72
 6) 13 (72 7) 19 (72 8) 19 (72 9) 25 (72 10) 12 (73 1) 21 (73 2) 17 (73 3) 18
 (73 4) 23 (73 5) 18 (73 6) 13 (73 7) 23 (73 8) 25 (73 9) 28 (73 10) 27 (74
 1) 18 (74 2) 12 (74 3) 18 (74 4) 27 (74 5) 12 (74 6) 15 (74 7) 24 (74 8) 30
 (74 9) 24 (74 10) 14 (75 1) 21 (75 2) 14 (75 3) 25 (75 4) 25 (75 5) 28 (75
 6) 30 (75 7) 28 (75 8) 17 (75 9) 27 (75 10) 13 (76 1) 17 (76 2) 30 (76 3) 30
 (76 4) 18 (76 5) 22 (76 6) 27 (76 7) 28 (76 8) 16 (76 9) 24 (76 10) 14 (77
 1) 18 (77 2) 17 (77 3) 17 (77 4) 11 (77 5) 16 (77 6) 20 (77 7) 19 (77 8) 17
 (77 9) 16 (77 10) 12 (78 1) 19 (78 2) 23 (78 3) 10 (78 4) 12 (78 5) 24 (78
 6) 12 (78 7) 24 (78 8) 26 (78 9) 29 (78 10) 26 (79 1) 22 (79 2) 29 (79 3) 13
 (79 4) 23 (79 5) 22 (79 6) 14 (79 7) 19 (79 8) 29 (79 9) 20 (79 10) 28 (80
 1) 21 (80 2) 26 (80 3) 25 (80 4) 16 (80 5) 18 (80 6) 13 (80 7) 13 (80 8) 25
 (80 9) 14 (80 10) 14 (81 1) 13 (81 2) 30 (81 3) 25 (81 4) 21 (81 5) 22 (81
 6) 24 (81 7) 15 (81 8) 10 (81 9) 23 (81 10) 20 (82 1) 29 (82 2) 20 (82 3) 23
 (82 4) 21 (82 5) 24 (82 6) 27 (82 7) 10 (82 8) 28 (82 9) 26 (82 10) 15 (83
 1) 23 (83 2) 16 (83 3) 14 (83 4) 25 (83 5) 30 (83 6) 19 (83 7) 23 (83 8) 30
 (83 9) 28 (83 10) 11 (84 1) 28 (84 2) 30 (84 3) 19 (84 4) 13 (84 5) 19 (84
 6) 13 (84 7) 25 (84 8) 23 (84 9) 17 (84 10) 23 (85 1) 15 (85 2) 18 (85 3) 28
 (85 4) 30 (85 5) 16 (85 6) 15 (85 7) 27 (85 8) 11 (85 9) 26 (85 10) 28 (86
 1) 24 (86 2) 11 (86 3) 19 (86 4) 25 (86 5) 12 (86 6) 20 (86 7) 19 (86 8) 24
 (86 9) 28 (86 10) 27 (87 1) 24 (87 2) 19 (87 3) 24 (87 4) 11 (87 5) 20 (87
 6) 30 (87 7) 10 (87 8) 25 (87 9) 29 (87 10) 14 (88 1) 15 (88 2) 14 (88 3) 26
 (88 4) 22 (88 5) 27 (88 6) 14 (88 7) 16 (88 8) 25 (88 9) 27 (88 10) 21 (89
 1) 21 (89 2) 19 (89 3) 22 (89 4) 25 (89 5) 11 (89 6) 10 (89 7) 21 (89 8) 16
 (89 9) 25 (89 10) 25 (90 1) 14 (90 2) 26 (90 3) 20 (90 4) 10 (90 5) 11 (90
 6) 24 (90 7) 12 (90 8) 11 (90 9) 24 (90 10) 27 (91 1) 30 (91 2) 19 (91 3) 15
 (91 4) 28 (91 5) 17 (91 6) 22 (91 7) 23 (91 8) 24 (91 9) 27 (91 10) 20 (92
 1) 11 (92 2) 27 (92 3) 30 (92 4) 21 (92 5) 27 (92 6) 20 (92 7) 21 (92 8) 27
 (92 9) 28 (92 10) 13 (93 1) 24 (93 2) 16 (93 3) 11 (93 4) 12 (93 5) 10 (93
 6) 14 (93 7) 27 (93 8) 26 (93 9) 18 (93 10) 12 (94 1) 24 (94 2) 26 (94 3) 20
 (94 4) 27 (94 5) 21 (94 6) 25 (94 7) 29 (94 8) 12 (94 9) 20 (94 10) 28 (95
 1) 13 (95 2) 21 (95 3) 10 (95 4) 15 (95 5) 28 (95 6) 10 (95 7) 17 (95 8) 26
 (95 9) 17 (95 10) 20 (96 1) 22 (96 2) 30 (96 3) 30 (96 4) 23 (96 5) 20 (96
 6) 24 (96 7) 22 (96 8) 26 (96 9) 20 (96 10) 28 (97 1) 15 (97 2) 10 (97 3) 20
 (97 4) 15 (97 5) 27 (97 6) 11 (97 7) 15 (97 8) 11 (97 9) 17 (97 10) 26 (98
 1) 27 (98 2) 26 (98 3) 29 (98 4) 24 (98 5) 29 (98 6) 10 (98 7) 15 (98 8) 22
 (98 9) 30 (98 10) 30 (99 1) 14 (99 2) 10 (99 3) 26 (99 4) 19 (99 5) 17 (99
 6) 21 (99 7) 25 (99 8) 30 (99 9) 14 (99 10) 21 (100 1) 25 (100 2) 11 (100
 3) 18 (100 4) 19 (100 5) 16 (100 6) 15 (100 7) 20 (100 8) 30 (100 9) 25 (100
 10) 28]
Pref: [(1 1) 9 (1 2) 7 (1 3) 3 (1 4) 1 (1 5) 10 (1 6) 4 (1 7) 8 (1 8) 2 (1 9) 5 (1
 10) 6 (2 1) 1 (2 2) 2 (2 3) 4 (2 4) 5 (2 5) 7 (2 6) 10 (2 7) 6 (2 8) 9 (2
 9) 8 (2 10) 3 (3 1) 8 (3 2) 1 (3 3) 2 (3 4) 9 (3 5) 5 (3 6) 7 (3 7) 6 (3 8) 10
 (3 9) 4 (3 10) 3 (4 1) 8 (4 2) 3 (4 3) 5 (4 4) 9 (4 5) 1 (4 6) 2 (4 7) 7 (4
 8) 10 (4 9) 4 (4 10) 6 (5 1) 6 (5 2) 9 (5 3) 5 (5 4) 3 (5 5) 1 (5 6) 10 (5
 7) 4 (5 8) 8 (5 9) 7 (5 10) 2 (6 1) 1 (6 2) 6 (6 3) 7 (6 4) 5 (6 5) 3 (6 6) 8
 (6 7) 4 (6 8) 10 (6 9) 2 (6 10) 9 (7 1) 6 (7 2) 9 (7 3) 4 (7 4) 7 (7 5) 2
 (7 6) 8 (7 7) 3 (7 8) 10 (7 9) 1 (7 10) 5 (8 1) 4 (8 2) 8 (8 3) 2 (8 4) 6
 (8 5) 3 (8 6) 7 (8 7) 9 (8 8) 10 (8 9) 5 (8 10) 1 (9 1) 6 (9 2) 3 (9 3) 9
 (9 4) 5 (9 5) 10 (9 6) 2 (9 7) 8 (9 8) 1 (9 9) 7 (9 10) 4 (10 1) 1 (10 2) 8
 (10 3) 4 (10 4) 6 (10 5) 10 (10 6) 7 (10 7) 2 (10 8) 3 (10 9) 9 (10 10) 5
 (11 1) 9 (11 2) 6 (11 3) 7 (11 4) 5 (11 5) 2 (11 6) 3 (11 7) 4 (11 8) 10 (11
 9) 1 (11 10) 8 (12 1) 7 (12 2) 1 (12 3) 3 (12 4) 10 (12 5) 2 (12 6) 6 (12
 7) 5 (12 8) 4 (12 9) 9 (12 10) 8 (13 1) 10 (13 2) 7 (13 3) 1 (13 4) 4 (13
 5) 2 (13 6) 9 (13 7) 3 (13 8) 6 (13 9) 5 (13 10) 8 (14 1) 3 (14 2) 6 (14 3) 5
 (14 4) 8 (14 5) 9 (14 6) 1 (14 7) 2 (14 8) 10 (14 9) 7 (14 10) 4 (15 1) 2
 (15 2) 7 (15 3) 1 (15 4) 4 (15 5) 5 (15 6) 10 (15 7) 6 (15 8) 9 (15 9) 8 (15
 10) 3 (16 1) 4 (16 2) 10 (16 3) 2 (16 4) 1 (16 5) 6 (16 6) 7 (16 7) 5 (16
 8) 9 (16 9) 8 (16 10) 3 (17 1) 6 (17 2) 7 (17 3) 3 (17 4) 2 (17 5) 5 (17 6) 1
 (17 7) 9 (17 8) 10 (17 9) 8 (17 10) 4 (18 1) 6 (18 2) 5 (18 3) 7 (18 4) 4
 (18 5) 3 (18 6) 2 (18 7) 8 (18 8) 9 (18 9) 10 (18 10) 1 (19 1) 9 (19 2) 1
 (19 3) 7 (19 4) 10 (19 5) 3 (19 6) 6 (19 7) 2 (19 8) 8 (19 9) 5 (19 10) 4
 (20 1) 1 (20 2) 8 (20 3) 10 (20 4) 9 (20 5) 4 (20 6) 5 (20 7) 2 (20 8) 7 (20
 9) 6 (20 10) 3 (21 1) 1 (21 2) 10 (21 3) 4 (21 4) 7 (21 5) 8 (21 6) 2 (21
 7) 3 (21 8) 6 (21 9) 5 (21 10) 9 (22 1) 6 (22 2) 2 (22 3) 5 (22 4) 10 (22
 5) 1 (22 6) 3 (22 7) 9 (22 8) 8 (22 9) 7 (22 10) 4 (23 1) 2 (23 2) 5 (23 3) 1
 (23 4) 6 (23 5) 7 (23 6) 10 (23 7) 4 (23 8) 9 (23 9) 3 (23 10) 8 (24 1) 4
 (24 2) 7 (24 3) 1 (24 4) 6 (24 5) 8 (24 6) 10 (24 7) 5 (24 8) 9 (24 9) 3 (24
 10) 2 (25 1) 8 (25 2) 6 (25 3) 3 (25 4) 9 (25 5) 7 (25 6) 2 (25 7) 4 (25 8) 5
 (25 9) 1 (25 10) 10 (26 1) 6 (26 2) 3 (26 3) 10 (26 4) 1 (26 5) 4 (26 6) 9
 (26 7) 7 (26 8) 5 (26 9) 2 (26 10) 8 (27 1) 2 (27 2) 10 (27 3) 5 (27 4) 8
 (27 5) 6 (27 6) 1 (27 7) 9 (27 8) 4 (27 9) 3 (27 10) 7 (28 1) 3 (28 2) 5 (28
 3) 6 (28 4) 2 (28 5) 7 (28 6) 1 (28 7) 9 (28 8) 8 (28 9) 4 (28 10) 10 (29
 1) 10 (29 2) 3 (29 3) 8 (29 4) 9 (29 5) 7 (29 6) 2 (29 7) 6 (29 8) 1 (29 9) 4
 (29 10) 5 (30 1) 3 (30 2) 2 (30 3) 7 (30 4) 1 (30 5) 6 (30 6) 4 (30 7) 10
 (30 8) 5 (30 9) 9 (30 10) 8 (31 1) 3 (31 2) 5 (31 3) 8 (31 4) 1 (31 5) 7 (31
 6) 9 (31 7) 10 (31 8) 4 (31 9) 2 (31 10) 6 (32 1) 7 (32 2) 2 (32 3) 3 (32
 4) 1 (32 5) 4 (32 6) 10 (32 7) 8 (32 8) 5 (32 9) 6 (32 10) 9 (33 1) 6 (33
 2) 7 (33 3) 10 (33 4) 1 (33 5) 5 (33 6) 3 (33 7) 2 (33 8) 9 (33 9) 8 (33 10) 4
 (34 1) 4 (34 2) 6 (34 3) 1 (34 4) 2 (34 5) 3 (34 6) 7 (34 7) 9 (34 8) 8 (34
 9) 5 (34 10) 10 (35 1) 6 (35 2) 8 (35 3) 2 (35 4) 7 (35 5) 3 (35 6) 5 (35
 7) 10 (35 8) 1 (35 9) 4 (35 10) 9 (36 1) 5 (36 2) 4 (36 3) 6 (36 4) 7 (36
 5) 10 (36 6) 3 (36 7) 2 (36 8) 1 (36 9) 8 (36 10) 9 (37 1) 1 (37 2) 7 (37
 3) 3 (37 4) 6 (37 5) 9 (37 6) 5 (37 7) 8 (37 8) 10 (37 9) 2 (37 10) 4 (38
 1) 6 (38 2) 1 (38 3) 8 (38 4) 7 (38 5) 3 (38 6) 10 (38 7) 2 (38 8) 9 (38 9) 5
 (38 10) 4 (39 1) 1 (39 2) 2 (39 3) 8 (39 4) 3 (39 5) 4 (39 6) 6 (39 7) 7 (39
 8) 9 (39 9) 5 (39 10) 10 (40 1) 9 (40 2) 5 (40 3) 2 (40 4) 4 (40 5) 1 (40
 6) 8 (40 7) 10 (40 8) 7 (40 9) 6 (40 10) 3 (41 1) 7 (41 2) 2 (41 3) 6 (41
 4) 9 (41 5) 3 (41 6) 8 (41 7) 10 (41 8) 5 (41 9) 4 (41 10) 1 (42 1) 3 (42
 2) 4 (42 3) 1 (42 4) 7 (42 5) 2 (42 6) 5 (42 7) 8 (42 8) 9 (42 9) 10 (42 10) 6
 (43 1) 3 (43 2) 2 (43 3) 5 (43 4) 8 (43 5) 6 (43 6) 1 (43 7) 7 (43 8) 9 (43
 9) 4 (43 10) 10 (44 1) 10 (44 2) 9 (44 3) 7 (44 4) 2 (44 5) 4 (44 6) 8 (44
 7) 1 (44 8) 6 (44 9) 3 (44 10) 5 (45 1) 7 (45 2) 4 (45 3) 8 (45 4) 10 (45
 5) 3 (45 6) 5 (45 7) 9 (45 8) 6 (45 9) 2 (45 10) 1 (46 1) 5 (46 2) 3 (46 3) 4
 (46 4) 6 (46 5) 10 (46 6) 7 (46 7) 2 (46 8) 1 (46 9) 9 (46 10) 8 (47 1) 10
 (47 2) 7 (47 3) 3 (47 4) 6 (47 5) 2 (47 6) 5 (47 7) 8 (47 8) 1 (47 9) 4 (47
 10) 9 (48 1) 8 (48 2) 9 (48 3) 6 (48 4) 5 (48 5) 2 (48 6) 10 (48 7) 1 (48
 8) 4 (48 9) 3 (48 10) 7 (49 1) 7 (49 2) 4 (49 3) 9 (49 4) 3 (49 5) 1 (49 6) 10
 (49 7) 6 (49 8) 8 (49 9) 2 (49 10) 5 (50 1) 3 (50 2) 10 (50 3) 6 (50 4) 8
 (50 5) 7 (50 6) 5 (50 7) 1 (50 8) 9 (50 9) 2 (50 10) 4 (51 1) 4 (51 2) 6 (51
 3) 1 (51 4) 7 (51 5) 3 (51 6) 2 (51 7) 9 (51 8) 8 (51 9) 5 (51 10) 10 (52
 1) 9 (52 2) 4 (52 3) 3 (52 4) 8 (52 5) 6 (52 6) 1 (52 7) 5 (52 8) 7 (52 9) 2
 (52 10) 10 (53 1) 1 (53 2) 7 (53 3) 9 (53 4) 4 (53 5) 10 (53 6) 6 (53 7) 3
 (53 8) 2 (53 9) 8 (53 10) 5 (54 1) 1 (54 2) 8 (54 3) 5 (54 4) 4 (54 5) 9 (54
 6) 6 (54 7) 2 (54 8) 3 (54 9) 7 (54 10) 10 (55 1) 7 (55 2) 1 (55 3) 4 (55
 4) 3 (55 5) 9 (55 6) 8 (55 7) 10 (55 8) 2 (55 9) 5 (55 10) 6 (56 1) 3 (56
 2) 9 (56 3) 4 (56 4) 2 (56 5) 8 (56 6) 1 (56 7) 6 (56 8) 7 (56 9) 5 (56 10) 10
 (57 1) 8 (57 2) 5 (57 3) 4 (57 4) 2 (57 5) 3 (57 6) 1 (57 7) 10 (57 8) 9 (57
 9) 7 (57 10) 6 (58 1) 1 (58 2) 4 (58 3) 10 (58 4) 2 (58 5) 8 (58 6) 5 (58
 7) 6 (58 8) 3 (58 9) 9 (58 10) 7 (59 1) 7 (59 2) 3 (59 3) 5 (59 4) 10 (59
 5) 8 (59 6) 9 (59 7) 1 (59 8) 2 (59 9) 4 (59 10) 6 (60 1) 6 (60 2) 8 (60 3) 5
 (60 4) 2 (60 5) 10 (60 6) 9 (60 7) 7 (60 8) 1 (60 9) 4 (60 10) 3 (61 1) 7
 (61 2) 3 (61 3) 4 (61 4) 2 (61 5) 6 (61 6) 8 (61 7) 5 (61 8) 10 (61 9) 1 (61
 10) 9 (62 1) 9 (62 2) 8 (62 3) 2 (62 4) 1 (62 5) 4 (62 6) 5 (62 7) 7 (62 8) 10
 (62 9) 6 (62 10) 3 (63 1) 2 (63 2) 3 (63 3) 7 (63 4) 9 (63 5) 5 (63 6) 1 (63
 7) 6 (63 8) 8 (63 9) 4 (63 10) 10 (64 1) 9 (64 2) 5 (64 3) 8 (64 4) 4 (64
 5) 1 (64 6) 3 (64 7) 2 (64 8) 10 (64 9) 6 (64 10) 7 (65 1) 2 (65 2) 10 (65
 3) 4 (65 4) 8 (65 5) 7 (65 6) 3 (65 7) 6 (65 8) 1 (65 9) 9 (65 10) 5 (66 1) 2
 (66 2) 1 (66 3) 4 (66 4) 7 (66 5) 5 (66 6) 10 (66 7) 8 (66 8) 3 (66 9) 6 (66
 10) 9 (67 1) 7 (67 2) 10 (67 3) 3 (67 4) 6 (67 5) 8 (67 6) 9 (67 7) 5 (67
 8) 4 (67 9) 2 (67 10) 1 (68 1) 1 (68 2) 7 (68 3) 6 (68 4) 4 (68 5) 10 (68
 6) 2 (68 7) 9 (68 8) 3 (68 9) 8 (68 10) 5 (69 1) 4 (69 2) 10 (69 3) 5 (69
 4) 2 (69 5) 8 (69 6) 7 (69 7) 6 (69 8) 1 (69 9) 9 (69 10) 3 (70 1) 6 (70 2) 4
 (70 3) 1 (70 4) 3 (70 5) 10 (70 6) 2 (70 7) 9 (70 8) 8 (70 9) 5 (70 10) 7
 (71 1) 3 (71 2) 5 (71 3) 7 (71 4) 4 (71 5) 1 (71 6) 2 (71 7) 10 (71 8) 9 (71
 9) 8 (71 10) 6 (72 1) 3 (72 2) 1 (72 3) 4 (72 4) 2 (72 5) 7 (72 6) 10 (72
 7) 6 (72 8) 5 (72 9) 9 (72 10) 8 (73 1) 6 (73 2) 10 (73 3) 7 (73 4) 2 (73
 5) 1 (73 6) 9 (73 7) 3 (73 8) 4 (73 9) 8 (73 10) 5 (74 1) 7 (74 2) 6 (74 3) 4
 (74 4) 5 (74 5) 2 (74 6) 8 (74 7) 1 (74 8) 3 (74 9) 10 (74 10) 9 (75 1) 7
 (75 2) 4 (75 3) 6 (75 4) 8 (75 5) 3 (75 6) 1 (75 7) 9 (75 8) 10 (75 9) 5 (75
 10) 2 (76 1) 1 (76 2) 5 (76 3) 2 (76 4) 6 (76 5) 4 (76 6) 7 (76 7) 10 (76
 8) 3 (76 9) 9 (76 10) 8 (77 1) 3 (77 2) 9 (77 3) 4 (77 4) 2 (77 5) 6 (77 6) 7
 (77 7) 8 (77 8) 10 (77 9) 1 (77 10) 5 (78 1) 3 (78 2) 1 (78 3) 8 (78 4) 2
 (78 5) 6 (78 6) 4 (78 7) 7 (78 8) 10 (78 9) 5 (78 10) 9 (79 1) 6 (79 2) 9
 (79 3) 10 (79 4) 8 (79 5) 4 (79 6) 7 (79 7) 1 (79 8) 5 (79 9) 2 (79 10) 3
 (80 1) 8 (80 2) 3 (80 3) 1 (80 4) 10 (80 5) 7 (80 6) 4 (80 7) 5 (80 8) 2 (80
 9) 9 (80 10) 6 (81 1) 10 (81 2) 9 (81 3) 6 (81 4) 8 (81 5) 1 (81 6) 7 (81
 7) 2 (81 8) 5 (81 9) 3 (81 10) 4 (82 1) 4 (82 2) 2 (82 3) 3 (82 4) 5 (82 5) 6
 (82 6) 9 (82 7) 1 (82 8) 7 (82 9) 10 (82 10) 8 (83 1) 7 (83 2) 1 (83 3) 9
 (83 4) 8 (83 5) 10 (83 6) 2 (83 7) 6 (83 8) 3 (83 9) 5 (83 10) 4 (84 1) 7
 (84 2) 8 (84 3) 3 (84 4) 5 (84 5) 1 (84 6) 2 (84 7) 6 (84 8) 9 (84 9) 10 (84
 10) 4 (85 1) 6 (85 2) 3 (85 3) 9 (85 4) 2 (85 5) 10 (85 6) 7 (85 7) 1 (85
 8) 4 (85 9) 5 (85 10) 8 (86 1) 7 (86 2) 6 (86 3) 1 (86 4) 5 (86 5) 9 (86 6) 4
 (86 7) 3 (86 8) 10 (86 9) 8 (86 10) 2 (87 1) 3 (87 2) 5 (87 3) 4 (87 4) 10
 (87 5) 1 (87 6) 8 (87 7) 6 (87 8) 7 (87 9) 9 (87 10) 2 (88 1) 4 (88 2) 3 (88
 3) 1 (88 4) 6 (88 5) 8 (88 6) 5 (88 7) 9 (88 8) 10 (88 9) 2 (88 10) 7 (89
 1) 5 (89 2) 7 (89 3) 4 (89 4) 2 (89 5) 3 (89 6) 6 (89 7) 10 (89 8) 9 (89 9) 8
 (89 10) 1 (90 1) 5 (90 2) 4 (90 3) 8 (90 4) 10 (90 5) 1 (90 6) 9 (90 7) 6
 (90 8) 2 (90 9) 7 (90 10) 3 (91 1) 3 (91 2) 4 (91 3) 10 (91 4) 6 (91 5) 9
 (91 6) 2 (91 7) 1 (91 8) 8 (91 9) 5 (91 10) 7 (92 1) 8 (92 2) 9 (92 3) 6 (92
 4) 4 (92 5) 1 (92 6) 7 (92 7) 10 (92 8) 5 (92 9) 2 (92 10) 3 (93 1) 2 (93
 2) 9 (93 3) 6 (93 4) 10 (93 5) 7 (93 6) 5 (93 7) 8 (93 8) 1 (93 9) 3 (93 10) 4
 (94 1) 3 (94 2) 5 (94 3) 9 (94 4) 10 (94 5) 6 (94 6) 8 (94 7) 7 (94 8) 4 (94
 9) 2 (94 10) 1 (95 1) 8 (95 2) 3 (95 3) 1 (95 4) 2 (95 5) 9 (95 6) 7 (95 7) 10
 (95 8) 5 (95 9) 6 (95 10) 4 (96 1) 9 (96 2) 4 (96 3) 3 (96 4) 6 (96 5) 1 (96
 6) 7 (96 7) 8 (96 8) 5 (96 9) 2 (96 10) 10 (97 1) 6 (97 2) 10 (97 3) 9 (97
 4) 3 (97 5) 4 (97 6) 8 (97 7) 2 (97 8) 7 (97 9) 1 (97 10) 5 (98 1) 3 (98 2) 7
 (98 3) 1 (98 4) 9 (98 5) 4 (98 6) 2 (98 7) 6 (98 8) 8 (98 9) 5 (98 10) 10
 (99 1) 7 (99 2) 2 (99 3) 8 (99 4) 6 (99 5) 9 (99 6) 3 (99 7) 1 (99 8) 4 (99
 9) 10 (99 10) 5 (100 1) 6 (100 2) 10 (100 3) 9 (100 4) 8 (100 5) 4 (100 6) 1
 (100 7) 2 (100 8) 3 (100 9) 7 (100 10) 5]
