nI: 100
nJ: 5
CapsJ: 24
nIns: 3
CostJ: [(1) 101 (2) 102 (3) 103 (4) 101 (5) 123]
CapJ: [(1) 24 (2) 24 (3) 24 (4) 24 (5) 24]
CostIJ: [(1 1) 14 (1 2) 19 (1 3) 22 (1 4) 11 (1 5) 27 (2 1) 24 (2 2) 13 (2 3) 28 (2
 4) 18 (2 5) 20 (3 1) 24 (3 2) 16 (3 3) 25 (3 4) 15 (3 5) 11 (4 1) 15 (4 2) 21
 (4 3) 26 (4 4) 12 (4 5) 14 (5 1) 30 (5 2) 21 (5 3) 17 (5 4) 26 (5 5) 15 (6
 1) 11 (6 2) 12 (6 3) 19 (6 4) 30 (6 5) 12 (7 1) 12 (7 2) 29 (7 3) 17 (7 4) 21
 (7 5) 18 (8 1) 20 (8 2) 28 (8 3) 18 (8 4) 29 (8 5) 27 (9 1) 16 (9 2) 13 (9
 3) 19 (9 4) 21 (9 5) 17 (10 1) 14 (10 2) 18 (10 3) 21 (10 4) 17 (10 5) 24
 (11 1) 23 (11 2) 26 (11 3) 28 (11 4) 13 (11 5) 18 (12 1) 22 (12 2) 20 (12
 3) 19 (12 4) 21 (12 5) 22 (13 1) 13 (13 2) 13 (13 3) 21 (13 4) 15 (13 5) 20
 (14 1) 13 (14 2) 11 (14 3) 21 (14 4) 18 (14 5) 11 (15 1) 19 (15 2) 21 (15
 3) 20 (15 4) 21 (15 5) 27 (16 1) 21 (16 2) 23 (16 3) 10 (16 4) 19 (16 5) 18
 (17 1) 19 (17 2) 30 (17 3) 13 (17 4) 19 (17 5) 19 (18 1) 11 (18 2) 10 (18
 3) 15 (18 4) 29 (18 5) 12 (19 1) 12 (19 2) 24 (19 3) 17 (19 4) 30 (19 5) 14
 (20 1) 11 (20 2) 16 (20 3) 14 (20 4) 23 (20 5) 29 (21 1) 16 (21 2) 12 (21
 3) 14 (21 4) 26 (21 5) 21 (22 1) 11 (22 2) 15 (22 3) 10 (22 4) 25 (22 5) 11
 (23 1) 28 (23 2) 29 (23 3) 13 (23 4) 14 (23 5) 13 (24 1) 12 (24 2) 23 (24
 3) 18 (24 4) 17 (24 5) 10 (25 1) 22 (25 2) 26 (25 3) 29 (25 4) 25 (25 5) 25
 (26 1) 30 (26 2) 10 (26 3) 29 (26 4) 11 (26 5) 18 (27 1) 12 (27 2) 17 (27
 3) 24 (27 4) 23 (27 5) 21 (28 1) 11 (28 2) 30 (28 3) 23 (28 4) 26 (28 5) 29
 (29 1) 24 (29 2) 11 (29 3) 13 (29 4) 18 (29 5) 27 (30 1) 26 (30 2) 28 (30
 3) 20 (30 4) 11 (30 5) 29 (31 1) 22 (31 2) 14 (31 3) 23 (31 4) 28 (31 5) 28
 (32 1) 23 (32 2) 11 (32 3) 27 (32 4) 21 (32 5) 27 (33 1) 28 (33 2) 19 (33
 3) 18 (33 4) 26 (33 5) 25 (34 1) 26 (34 2) 11 (34 3) 22 (34 4) 22 (34 5) 22
 (35 1) 12 (35 2) 19 (35 3) 20 (35 4) 10 (35 5) 11 (36 1) 23 (36 2) 24 (36
 3) 23 (36 4) 28 (36 5) 22 (37 1) 11 (37 2) 11 (37 3) 13 (37 4) 25 (37 5) 27
 (38 1) 29 (38 2) 22 (38 3) 15 (38 4) 29 (38 5) 18 (39 1) 23 (39 2) 25 (39
 3) 21 (39 4) 30 (39 5) 10 (40 1) 11 (40 2) 18 (40 3) 27 (40 4) 18 (40 5) 23
 (41 1) 22 (41 2) 29 (41 3) 30 (41 4) 16 (41 5) 29 (42 1) 29 (42 2) 22 (42
 3) 15 (42 4) 25 (42 5) 21 (43 1) 22 (43 2) 20 (43 3) 21 (43 4) 19 (43 5) 16
 (44 1) 28 (44 2) 24 (44 3) 13 (44 4) 13 (44 5) 26 (45 1) 18 (45 2) 15 (45
 3) 30 (45 4) 21 (45 5) 22 (46 1) 14 (46 2) 14 (46 3) 30 (46 4) 16 (46 5) 19
 (47 1) 24 (47 2) 17 (47 3) 13 (47 4) 30 (47 5) 20 (48 1) 22 (48 2) 29 (48
 3) 22 (48 4) 14 (48 5) 16 (49 1) 20 (49 2) 17 (49 3) 17 (49 4) 25 (49 5) 26
 (50 1) 26 (50 2) 14 (50 3) 20 (50 4) 21 (50 5) 15 (51 1) 18 (51 2) 15 (51
 3) 20 (51 4) 24 (51 5) 21 (52 1) 12 (52 2) 24 (52 3) 17 (52 4) 26 (52 5) 29
 (53 1) 28 (53 2) 22 (53 3) 28 (53 4) 30 (53 5) 25 (54 1) 14 (54 2) 30 (54
 3) 14 (54 4) 10 (54 5) 30 (55 1) 12 (55 2) 26 (55 3) 18 (55 4) 16 (55 5) 18
 (56 1) 27 (56 2) 29 (56 3) 26 (56 4) 11 (56 5) 30 (57 1) 25 (57 2) 12 (57
 3) 17 (57 4) 11 (57 5) 26 (58 1) 19 (58 2) 14 (58 3) 15 (58 4) 18 (58 5) 12
 (59 1) 12 (59 2) 14 (59 3) 26 (59 4) 25 (59 5) 18 (60 1) 23 (60 2) 10 (60
 3) 21 (60 4) 28 (60 5) 16 (61 1) 27 (61 2) 26 (61 3) 30 (61 4) 25 (61 5) 12
 (62 1) 20 (62 2) 18 (62 3) 16 (62 4) 13 (62 5) 11 (63 1) 25 (63 2) 28 (63
 3) 17 (63 4) 11 (63 5) 24 (64 1) 10 (64 2) 17 (64 3) 26 (64 4) 19 (64 5) 28
 (65 1) 17 (65 2) 10 (65 3) 11 (65 4) 29 (65 5) 15 (66 1) 25 (66 2) 30 (66
 3) 27 (66 4) 18 (66 5) 24 (67 1) 16 (67 2) 17 (67 3) 29 (67 4) 27 (67 5) 28
 (68 1) 15 (68 2) 21 (68 3) 16 (68 4) 21 (68 5) 22 (69 1) 19 (69 2) 25 (69
 3) 18 (69 4) 22 (69 5) 11 (70 1) 25 (70 2) 19 (70 3) 12 (70 4) 30 (70 5) 25
 (71 1) 27 (71 2) 26 (71 3) 20 (71 4) 16 (71 5) 19 (72 1) 27 (72 2) 18 (72
 3) 19 (72 4) 26 (72 5) 17 (73 1) 26 (73 2) 28 (73 3) 13 (73 4) 26 (73 5) 10
 (74 1) 19 (74 2) 13 (74 3) 19 (74 4) 25 (74 5) 13 (75 1) 11 (75 2) 17 (75
 3) 27 (75 4) 23 (75 5) 26 (76 1) 16 (76 2) 21 (76 3) 18 (76 4) 26 (76 5) 15
 (77 1) 15 (77 2) 18 (77 3) 21 (77 4) 18 (77 5) 28 (78 1) 12 (78 2) 17 (78
 3) 22 (78 4) 16 (78 5) 18 (79 1) 19 (79 2) 21 (79 3) 24 (79 4) 19 (79 5) 24
 (80 1) 24 (80 2) 10 (80 3) 19 (80 4) 29 (80 5) 30 (81 1) 12 (81 2) 30 (81
 3) 24 (81 4) 13 (81 5) 21 (82 1) 23 (82 2) 16 (82 3) 12 (82 4) 30 (82 5) 26
 (83 1) 24 (83 2) 23 (83 3) 21 (83 4) 30 (83 5) 14 (84 1) 21 (84 2) 29 (84
 3) 13 (84 4) 26 (84 5) 13 (85 1) 22 (85 2) 25 (85 3) 30 (85 4) 30 (85 5) 20
 (86 1) 13 (86 2) 27 (86 3) 16 (86 4) 21 (86 5) 12 (87 1) 28 (87 2) 21 (87
 3) 14 (87 4) 11 (87 5) 20 (88 1) 12 (88 2) 10 (88 3) 26 (88 4) 13 (88 5) 20
 (89 1) 30 (89 2) 10 (89 3) 28 (89 4) 22 (89 5) 12 (90 1) 28 (90 2) 22 (90
 3) 16 (90 4) 26 (90 5) 12 (91 1) 15 (91 2) 22 (91 3) 18 (91 4) 24 (91 5) 20
 (92 1) 27 (92 2) 18 (92 3) 13 (92 4) 18 (92 5) 10 (93 1) 23 (93 2) 23 (93
 3) 24 (93 4) 20 (93 5) 15 (94 1) 18 (94 2) 11 (94 3) 13 (94 4) 27 (94 5) 28
 (95 1) 26 (95 2) 29 (95 3) 16 (95 4) 25 (95 5) 24 (96 1) 10 (96 2) 16 (96
 3) 16 (96 4) 19 (96 5) 29 (97 1) 12 (97 2) 22 (97 3) 16 (97 4) 13 (97 5) 28
 (98 1) 30 (98 2) 13 (98 3) 13 (98 4) 28 (98 5) 25 (99 1) 26 (99 2) 23 (99
 3) 30 (99 4) 29 (99 5) 19 (100 1) 18 (100 2) 14 (100 3) 15 (100 4) 11 (100
 5) 18]
Pref: [(1 1) 1 (1 2) 3 (1 3) 2 (1 4) 5 (1 5) 4 (2 1) 5 (2 2) 2 (2 3) 4 (2 4) 3 (2
 5) 1 (3 1) 2 (3 2) 1 (3 3) 4 (3 4) 3 (3 5) 5 (4 1) 3 (4 2) 4 (4 3) 2 (4 4) 5
 (4 5) 1 (5 1) 2 (5 2) 4 (5 3) 5 (5 4) 1 (5 5) 3 (6 1) 3 (6 2) 1 (6 3) 2 (6
 4) 5 (6 5) 4 (7 1) 3 (7 2) 4 (7 3) 5 (7 4) 1 (7 5) 2 (8 1) 5 (8 2) 4 (8 3) 1
 (8 4) 3 (8 5) 2 (9 1) 3 (9 2) 5 (9 3) 2 (9 4) 1 (9 5) 4 (10 1) 2 (10 2) 4
 (10 3) 3 (10 4) 5 (10 5) 1 (11 1) 2 (11 2) 4 (11 3) 3 (11 4) 5 (11 5) 1 (12
 1) 1 (12 2) 4 (12 3) 5 (12 4) 2 (12 5) 3 (13 1) 2 (13 2) 3 (13 3) 5 (13 4) 4
 (13 5) 1 (14 1) 4 (14 2) 3 (14 3) 5 (14 4) 2 (14 5) 1 (15 1) 1 (15 2) 4 (15
 3) 5 (15 4) 2 (15 5) 3 (16 1) 4 (16 2) 3 (16 3) 5 (16 4) 1 (16 5) 2 (17 1) 4
 (17 2) 3 (17 3) 5 (17 4) 2 (17 5) 1 (18 1) 3 (18 2) 4 (18 3) 5 (18 4) 1 (18
 5) 2 (19 1) 2 (19 2) 4 (19 3) 5 (19 4) 1 (19 5) 3 (20 1) 4 (20 2) 1 (20 3) 5
 (20 4) 2 (20 5) 3 (21 1) 2 (21 2) 1 (21 3) 5 (21 4) 4 (21 5) 3 (22 1) 2 (22
 2) 5 (22 3) 4 (22 4) 3 (22 5) 1 (23 1) 5 (23 2) 3 (23 3) 2 (23 4) 4 (23 5) 1
 (24 1) 1 (24 2) 4 (24 3) 5 (24 4) 2 (24 5) 3 (25 1) 5 (25 2) 4 (25 3) 3 (25
 4) 1 (25 5) 2 (26 1) 5 (26 2) 3 (26 3) 4 (26 4) 2 (26 5) 1 (27 1) 1 (27 2) 3
 (27 3) 5 (27 4) 2 (27 5) 4 (28 1) 3 (28 2) 4 (28 3) 1 (28 4) 5 (28 5) 2 (29
 1) 5 (29 2) 3 (29 3) 4 (29 4) 2 (29 5) 1 (30 1) 3 (30 2) 5 (30 3) 2 (30 4) 1
 (30 5) 4 (31 1) 3 (31 2) 5 (31 3) 1 (31 4) 4 (31 5) 2 (32 1) 2 (32 2) 3 (32
 3) 5 (32 4) 1 (32 5) 4 (33 1) 5 (33 2) 4 (33 3) 1 (33 4) 2 (33 5) 3 (34 1) 4
 (34 2) 1 (34 3) 5 (34 4) 2 (34 5) 3 (35 1) 1 (35 2) 2 (35 3) 5 (35 4) 4 (35
 5) 3 (36 1) 5 (36 2) 1 (36 3) 3 (36 4) 4 (36 5) 2 (37 1) 3 (37 2) 5 (37 3) 4
 (37 4) 2 (37 5) 1 (38 1) 1 (38 2) 2 (38 3) 4 (38 4) 5 (38 5) 3 (39 1) 2 (39
 2) 3 (39 3) 5 (39 4) 4 (39 5) 1 (40 1) 3 (40 2) 1 (40 3) 4 (40 4) 2 (40 5) 5
 (41 1) 5 (41 2) 4 (41 3) 1 (41 4) 2 (41 5) 3 (42 1) 2 (42 2) 3 (42 3) 5 (42
 4) 4 (42 5) 1 (43 1) 3 (43 2) 5 (43 3) 4 (43 4) 1 (43 5) 2 (44 1) 4 (44 2) 2
 (44 3) 3 (44 4) 5 (44 5) 1 (45 1) 2 (45 2) 3 (45 3) 1 (45 4) 5 (45 5) 4 (46
 1) 4 (46 2) 5 (46 3) 1 (46 4) 3 (46 5) 2 (47 1) 2 (47 2) 3 (47 3) 5 (47 4) 4
 (47 5) 1 (48 1) 1 (48 2) 3 (48 3) 5 (48 4) 4 (48 5) 2 (49 1) 1 (49 2) 4 (49
 3) 3 (49 4) 2 (49 5) 5 (50 1) 3 (50 2) 4 (50 3) 1 (50 4) 5 (50 5) 2 (51 1) 5
 (51 2) 3 (51 3) 1 (51 4) 2 (51 5) 4 (52 1) 2 (52 2) 5 (52 3) 4 (52 4) 1 (52
 5) 3 (53 1) 4 (53 2) 1 (53 3) 2 (53 4) 3 (53 5) 5 (54 1) 5 (54 2) 3 (54 3) 1
 (54 4) 2 (54 5) 4 (55 1) 2 (55 2) 3 (55 3) 5 (55 4) 1 (55 5) 4 (56 1) 3 (56
 2) 2 (56 3) 1 (56 4) 5 (56 5) 4 (57 1) 2 (57 2) 5 (57 3) 4 (57 4) 1 (57 5) 3
 (58 1) 5 (58 2) 2 (58 3) 4 (58 4) 3 (58 5) 1 (59 1) 4 (59 2) 3 (59 3) 1 (59
 4) 5 (59 5) 2 (60 1) 5 (60 2) 3 (60 3) 4 (60 4) 1 (60 5) 2 (61 1) 3 (61 2) 1
 (61 3) 4 (61 4) 5 (61 5) 2 (62 1) 3 (62 2) 4 (62 3) 2 (62 4) 5 (62 5) 1 (63
 1) 3 (63 2) 1 (63 3) 2 (63 4) 5 (63 5) 4 (64 1) 3 (64 2) 4 (64 3) 5 (64 4) 2
 (64 5) 1 (65 1) 2 (65 2) 1 (65 3) 4 (65 4) 5 (65 5) 3 (66 1) 5 (66 2) 4 (66
 3) 1 (66 4) 2 (66 5) 3 (67 1) 1 (67 2) 2 (67 3) 3 (67 4) 5 (67 5) 4 (68 1) 2
 (68 2) 5 (68 3) 3 (68 4) 4 (68 5) 1 (69 1) 5 (69 2) 3 (69 3) 1 (69 4) 2 (69
 5) 4 (70 1) 5 (70 2) 3 (70 3) 1 (70 4) 4 (70 5) 2 (71 1) 3 (71 2) 1 (71 3) 5
 (71 4) 4 (71 5) 2 (72 1) 1 (72 2) 3 (72 3) 5 (72 4) 4 (72 5) 2 (73 1) 5 (73
 2) 1 (73 3) 4 (73 4) 2 (73 5) 3 (74 1) 2 (74 2) 1 (74 3) 5 (74 4) 3 (74 5) 4
 (75 1) 4 (75 2) 3 (75 3) 1 (75 4) 5 (75 5) 2 (76 1) 3 (76 2) 2 (76 3) 4 (76
 4) 5 (76 5) 1 (77 1) 2 (77 2) 3 (77 3) 4 (77 4) 5 (77 5) 1 (78 1) 2 (78 2) 1
 (78 3) 4 (78 4) 3 (78 5) 5 (79 1) 3 (79 2) 1 (79 3) 4 (79 4) 5 (79 5) 2 (80
 1) 4 (80 2) 1 (80 3) 5 (80 4) 2 (80 5) 3 (81 1) 5 (81 2) 1 (81 3) 4 (81 4) 3
 (81 5) 2 (82 1) 5 (82 2) 3 (82 3) 4 (82 4) 1 (82 5) 2 (83 1) 1 (83 2) 3 (83
 3) 5 (83 4) 2 (83 5) 4 (84 1) 2 (84 2) 1 (84 3) 4 (84 4) 3 (84 5) 5 (85 1) 3
 (85 2) 5 (85 3) 4 (85 4) 2 (85 5) 1 (86 1) 5 (86 2) 3 (86 3) 2 (86 4) 1 (86
 5) 4 (87 1) 2 (87 2) 3 (87 3) 4 (87 4) 5 (87 5) 1 (88 1) 3 (88 2) 5 (88 3) 1
 (88 4) 4 (88 5) 2 (89 1) 5 (89 2) 3 (89 3) 4 (89 4) 2 (89 5) 1 (90 1) 1 (90
 2) 2 (90 3) 3 (90 4) 5 (90 5) 4 (91 1) 2 (91 2) 5 (91 3) 1 (91 4) 4 (91 5) 3
 (92 1) 3 (92 2) 4 (92 3) 5 (92 4) 2 (92 5) 1 (93 1) 4 (93 2) 3 (93 3) 2 (93
 4) 1 (93 5) 5 (94 1) 5 (94 2) 1 (94 3) 2 (94 4) 3 (94 5) 4 (95 1) 3 (95 2) 1
 (95 3) 2 (95 4) 5 (95 5) 4 (96 1) 4 (96 2) 3 (96 3) 1 (96 4) 2 (96 5) 5 (97
 1) 2 (97 2) 3 (97 3) 5 (97 4) 4 (97 5) 1 (98 1) 1 (98 2) 3 (98 3) 4 (98 4) 5
 (98 5) 2 (99 1) 1 (99 2) 4 (99 3) 3 (99 4) 5 (99 5) 2 (100 1) 2 (100 2) 1
 (100 3) 4 (100 4) 5 (100 5) 3]
